ObsID,peak_flux_ap,peak_flux_ap_err,int_flux_ap,int_flux_ap_err,int_flux_nvss,int_flux_nvss_err,maj_ap,min_ap,maj_nvss,min_nvss,delta_ra,delta_dec,radius,pb_level
200307001,0.00986789280548,0.0002362322505,0.01054333302863,0.00040039819047000007,0.0079,0.0004000000059604645,47.237681773367996,45.594800424648,27.29999923706055,25.70000076293945,14.997460737210211,11.048634314312354,18.62781185060153,0.4528482854366303
200307001,0.017181866119080003,0.00018704575850999998,0.0172447595159,0.00032373425653,0.016800000000000002,0.0006000000238418579,46.31636739276,43.609094730504,23.0,18.5,4.438258881700777,15.014057246956105,15.65630645053306,0.5905517935752869
200307001,0.005840267205789999,0.00012857791121,0.00587783917628,0.00022226102123,0.005900000000000001,0.0004000000059604645,45.83856060234,44.489892063347995,36.400001525878906,30.5,-4.033268440093401,-1.555673044853095,4.3228892909625705,0.9643166661262512
200307001,0.03825967092121,0.00038606786076,0.03829986194361,0.0006688290917100001,0.0324,0.001,46.347210623376,44.039587198788006,16.100000381469727,15.5,-6.9007841279372,-16.422481292756537,17.813431762104848,0.5778451561927795
200307001,0.006383781016640001,0.00033991195643,0.0077167090816,0.00055551533228,0.0072,0.0005,53.893097983872,45.7711942779,49.0,39.79999923706055,-7.114545624502113,-18.401637582468105,19.729078582725307,0.5044082999229431
200307001,0.02663664417776,0.00039951886819,0.02774072034177,0.0006829495902000001,0.0269,0.0008999999761581422,46.92241157382,44.39840003607601,18.5,16.0,-7.3674316283374015,29.715396879497447,30.61506995997334,0.17178255319595334
200307001,0.014056788930150001,0.00040734948612,0.017358385169569997,0.00066308275913,0.0165,0.001,55.687271262083996,45.347199330672005,36.70000076293945,19.799999237060547,-11.326368119852507,-23.3488529518394,25.950984110926616,0.2690581083297729
200307001,0.00521048462128,0.00042259299843,0.00571194123716,0.00071180079638,0.0053,0.0004000000059604645,50.556821554368,44.261506816704,49.5,36.5,-13.390078284704616,-19.092383264906513,23.31976526056295,0.3518736660480499
200307001,0.00824413575767,0.0001860203508,0.00854591312852,0.00031841601169,0.0062,0.0004000000059604645,46.389737752740004,45.08759913192,39.099998474121094,29.5,-14.147378768880264,8.722231688329996,16.620024734612652,0.5631222128868103
200307001,0.006801490695830001,0.00029466871780000004,0.00685407812546,0.00050920607568,0.0062,0.0004000000059604645,46.131265674252006,44.471473476659995,37.900001525878906,29.899999618530273,-17.19807960205255,-12.600065921634268,21.31980953882448,0.41307875514030457
200307001,0.00550340669256,0.00040479401226,0.006994158439380001,0.0006541954771,0.0052,0.0004000000059604645,57.973319092512,44.680518891864004,48.599998474121094,34.400001525878906,-21.81221537924195,-15.466191396219996,26.738971672432694,0.2312151938676834
200307001,0.006659477612439999,0.00034411810617,0.005779135580930001,0.0006256879126900001,0.0054,0.0004000000059604645,42.496638533928,41.128402562603995,35.09999847412109,31.79999923706055,-28.943437950730964,13.358156414430125,31.87724465737818,0.11967246234416963
190914041,0.0475089784052,0.00019437606644,0.04962684514126,0.00033186451824999995,0.0404,0.0012999999523162842,46.628954454708,45.563961661272,19.700000762939453,17.299999237060547,16.030500791928212,-9.530316062051293,18.649483144503844,0.5346911549568176
190914041,0.07430253818,0.00017265920343999998,0.07589562032685,0.00029696130625,0.047,0.0015,45.74269685214001,45.23171966787599,19.700000762939453,17.399999618530273,13.019798628152525,-0.5855441709278061,13.03295886030466,0.7125523090362549
190914041,0.01094093619981,0.00011476673886,0.011209508305290002,0.00019718859482,0.0073,0.0004000000059604645,45.68610852810001,45.493300167335995,29.70000076293945,27.29999923706055,9.142649644632804,-3.874266423939972,9.929649916299764,0.8465409874916077
190914041,0.019185003461369997,0.00014516547544,0.02033006349244,0.00024673993003,0.0162,0.0006000000238418579,47.631471071831996,45.297402699924,27.20000076293945,18.899999618530273,8.985640875789548,-11.885591237563016,14.899956352289546,0.7092278599739075
190914041,0.0079187897646,0.0001244429999,0.00802958009176,0.00021456768100999997,0.0067,0.0004000000059604645,45.837090384768,44.560166114808,29.10000038146973,28.20000076293945,6.427189557318213,11.648647949408295,13.304119909169035,0.6702775955200195
190914041,0.00799010738622,0.00024011843736000002,0.01080986689234,0.00038290943084,0.0058,0.0004000000059604645,62.595109451591995,44.264928261672004,44.0,31.5,4.743650026266628,-24.430012504998302,24.886288348611835,0.3331559896469116
190914041,0.01174759163185,0.00026592256492,0.01373656465391,0.00043879840144,0.0101,0.0005,51.801232323852,45.151418908764,34.299999237060554,23.20000076293945,4.503199523491653,27.3264902422579,27.69504374063025,0.21743418276309967
190914041,0.11058139608123,0.00014622043208,0.11326421347983999,0.00025125448078000003,0.1056,0.0037999999523162845,45.569805814296,45.398957657436,15.899999618530273,16.700000762939453,-0.8814829212661908,5.632420001848527,5.7009794353640935,0.9133037328720092
190914041,0.033539761909509996,0.00012200405508,0.03463181554131,0.00020911319921000003,0.0266,0.0008999999761581422,46.641437019252,45.114262953372,23.399999618530273,16.5,-0.9257508398595409,-13.76805819893958,13.799146227386029,0.7518278360366821
190914041,0.00668197274251,0.00021847932161000002,0.00683079689305,0.00037572993962,0.004,0.0004000000059604645,46.315960652844,45.084226055904,43.0,39.20000076293945,-7.343070896751162,-18.83838352350541,20.218922924966076,0.4828369319438934
190914041,0.05915086614044,0.00036485808506000003,0.06664581617381,0.0006085279924800001,0.0544,0.002,49.993210436904,46.085262500628005,22.299999237060547,20.299999237060547,-9.344652472939934,-21.224649897613865,23.190670184035774,0.36707183718681335
190914041,0.04213328649008,0.00029891438255,0.042971150560650005,0.0005143879781,0.033600000000000005,0.0011000000238418578,46.328101622424,45.029444621328004,22.299999237060547,18.399999618530273,-12.667923464667368,-21.81658708680308,25.22771497121625,0.2880046367645264
190914041,0.00538261509102,0.00023790793686000002,0.00561832232222,0.00040645185736,0.0053,0.0004000000059604645,47.075904746675995,44.519420532455996,36.0,32.799999237060554,-16.31423391709485,18.900156145677034,24.96732763065084,0.2829614579677582
190914041,0.011451487965530001,0.00018102020927,0.012633203209309999,0.00030396765370999996,0.0111,0.0005,49.583019937824,44.891389797264004,29.70000076293945,24.899999618530273,-17.093792618601643,8.025114550762414,18.883847035621727,0.4803001880645752
190914041,0.34084638452325,0.000306995404,0.34546173764566995,0.00052936095073,0.2948,0.010399999618530274,45.551803810788,45.156310065179994,14.399999618530273,17.299999237060547,-18.269368755198208,-4.725890801121602,18.87070926919916,0.4937165975570679
190914041,0.011111639321690002,0.00028118690841000006,0.011710419608499998,0.00047900073944999997,0.0093,0.0005,47.9815476651,44.31285488091601,39.599998474121094,24.20000076293945,-25.49134091727889,8.251810300018812,26.793648258174173,0.2300024330615997
191227013,0.045475723524480004,0.00028043763176,0.04703048033458,0.00048044218573,0.0409,0.0012999999523162842,46.326680388936005,44.84739142382399,19.399999618530273,17.200000762939453,17.844991333270695,17.711769711493126,25.142547292070184,0.2252994775772095
191227013,0.0060995715243199996,0.00011665270362000001,0.0062473255959799995,0.00020048321022,0.005,0.0004000000059604645,46.186523100324,44.86096134342,36.20000076293945,33.900001525878906,12.832046637523314,2.2444086793777336,13.026847962282526,0.6973388195037842
191227013,0.009886836214760001,0.00010380594782,0.00984851928534,0.00018003181141000002,0.0093,0.0005,45.088248003084004,44.715495958632005,26.60000038146973,24.29999923706055,11.083821023741756,1.13560812847139,11.141844095087967,0.7729994654655457
191227013,0.013144290378260001,9.741372745999999e-05,0.014107930794329999,0.00016493120105999997,0.0125,0.0005,48.013872098507996,45.354254524560005,28.79999923706055,21.5,7.126655687462878,-4.196134000640987,8.270231956584754,0.9014937877655028
191227013,0.00951973305199,0.00011462802445000001,0.0101051460612,0.00019473800455000002,0.0149,0.0006000000238418579,47.34014584284,45.202616394444,28.399999618530273,24.0,5.1715354062758765,9.900166943154373,11.169512524045066,0.7501444220542908
191227013,0.06865437629641,0.00020855689837000001,0.07797451371925,0.00034712741979999996,0.0695,0.0025,50.881909606884,45.628206103656,22.100000381469727,18.100000381469727,3.133899935969893,-20.396708031844113,20.636058540813238,0.4927111268043518
191227013,0.21386551780708998,0.00057980933845,0.22402566889416,0.0009891452124400001,0.1972,0.005900000095367432,47.423629969236,45.351967670964,17.899999618530273,16.200000762939453,-3.4287722173486945,-29.937877810768786,30.133581093664606,0.16847555339336395
191227013,0.00459872265513,9.667188632999999e-05,0.00479037330919,0.0001652077884,0.004,0.0004000000059604645,46.47764085245999,45.432674700228006,42.79999923706055,39.29999923706055,-6.706322455467237,-2.2821707130966993,7.08400010118127,0.9076414108276368
191227013,0.00530272980137,0.00011827846834,0.00570859212282,0.00019996577349,0.0054,0.0004000000059604645,47.316447607427996,46.30407398985601,46.5,32.700000762939446,-8.969047806805479,-10.895962185691216,14.112602210045328,0.7066150903701782
191227013,0.027223108860619998,0.00021533799580000004,0.02776137578679,0.00037055841405,0.0246,0.0011000000238418578,45.810563016276,45.492356626992,20.299999237060547,17.799999237060547,-11.660615996047339,-19.823652210264925,22.998818344840533,0.3679956495761871
191227013,0.015968725264360002,0.00014005983515,0.017323575831799998,0.00023637588931999998,0.0148,0.0006000000238418579,48.708151491456,44.884757863404,21.600000381469727,19.600000381469727,-12.825358213469448,10.609458117238807,16.644815788135805,0.5611892938613892
191227013,0.01138518437282,0.00013859044544,0.01174979397443,0.00023758126619999998,0.0113,0.0008999999761581422,46.433165630148004,44.757649125503995,26.5,25.70000076293945,-13.095978805453464,12.280561391061633,17.953164607411242,0.5135508775711061
191227013,0.032179303119900006,0.00046751873827,0.03288274811236,0.00080400261219,0.0195,0.000699999988079071,46.389909512772,45.08678307373201,20.399999618530273,18.299999237060547,-18.219578186830873,-23.275850542604367,29.558639605054296,0.1581273227930069
191227013,0.009113570641709999,0.00024507108872,0.010737245955649998,0.00040389004669,0.0136,0.001,52.831500689304,45.386063792712,40.400001525878906,30.10000038146973,-25.447029143463297,-10.843691313728867,27.661069861748967,0.2094113528728485
191227013,0.01943388404166,0.00025422650499,0.01979029077023,0.00043771350799,0.018000000000000002,0.000699999988079071,46.118555863812,44.673765555708,21.700000762939453,18.399999618530273,-28.21071331260025,2.0959264867199217,28.288463281613325,0.19753444194793698
191117038,0.00937936126269,0.00022775543931,0.00945847761174,0.00039360501032,0.008,0.0005,46.152819771912,44.008901567748005,40.099998474121094,30.399999618530273,24.200308247720837,10.849750158527069,26.521124660544434,0.17914767563343048
191117038,0.04318346180977,0.00019668809983000002,0.04387937044369,0.00033886908818999995,0.0362,0.0012000000476837158,45.593523862847995,45.327039225011994,17.200000762939453,15.300000190734865,21.023239399488162,-8.491102779370541,22.673211560450355,0.364680290222168
191117038,0.00617508134066,0.00023325382031000002,0.00566307709517,0.00041610412445000004,0.005,0.0004000000059604645,43.962584454432005,41.92632514764001,38.599998474121094,34.299999237060554,20.236636237266282,15.108403118543727,25.25435911638309,0.21431125700473785
191117038,0.004609529755770001,0.00026759854787,0.004726875512140001,0.00046039065929000006,0.0039,0.0004000000059604645,47.387878813476,43.411318987032004,42.5,40.0,19.524000117079726,18.847592796150717,27.13695847908072,0.1687190979719162
191117038,0.011921400353480001,0.00017893469048999998,0.01225882495976,0.00030706974473000004,0.01,0.0005,45.80654095321201,45.676456060212004,24.29999923706055,23.29999923706055,17.783322695617453,-9.448898464809227,20.137712181751624,0.4715414643287658
191117038,0.07149432071133,0.00020909288331,0.07174604137016,0.00036174094348,0.0572,0.0017999999523162845,45.507246354648,44.945645954616005,16.799999237060547,15.100000381469727,17.36865468278869,-12.73136472212133,21.535004852992717,0.42876842617988586
191117038,0.03200087399654,0.00015897212693000002,0.03250482828513,0.00027394389998000005,0.027100000000000003,0.0008999999761581422,45.797932453644,44.90736676884,21.100000381469727,16.200000762939453,17.312462209811407,0.3104997817747135,17.315246376115674,0.5355349779129028
191117038,0.02361691199039,0.00026068769274,0.02389864705603,0.00044995598269,0.0202,0.000699999988079071,45.984738988656,44.129913172704,24.899999618530273,17.600000381469727,16.987840209607686,19.566929274049805,25.912319845873373,0.2071184366941452
191117038,0.0072058151728,0.00024418366079,0.00750252705921,0.00041758435948,0.0058,0.0004000000059604645,47.320510893912,44.942249746044,32.299999237060554,31.0,16.70384133749038,-17.077401081942295,23.888358001427655,0.3513387441635132
191117038,0.00398141295923,0.00015177866609999998,0.00431642151837,0.00025622759205999997,0.0037,0.0004000000059604645,48.717456465996,44.875975039992,44.79999923706055,41.29999923706055,13.428962254082684,8.398396728906096,15.838867891150961,0.5661351084709167
191117038,0.057954968532529995,0.00023172735297,0.058925475163169996,0.00039915713313,0.046200000000000005,0.001399999976158142,45.782311215528004,45.507145510836,18.899999618530273,14.800000190734865,12.868111076873195,-23.363356342018385,26.672685520609733,0.2681519091129303
191117038,0.01061272915678,0.00016946462485,0.010481838933049999,0.00029475254376999996,0.006,0.0004000000059604645,44.75050738398,44.41159564412401,38.29999923706055,31.0,12.391841052854545,12.655528775404534,17.712126907195067,0.4902246594429016
191117038,0.03301303233302,0.00031227030384,0.035155491206400005,0.00053074390521,0.0295,0.0012999999523162842,49.174704170712005,44.451383506524,18.0,18.299999237060547,11.342776261953828,-26.64666775286873,28.960333199011192,0.2012871205806732
191117038,0.00485582305464,0.00011545563982,0.00480910786062,0.00020063261103000002,0.0033,0.0004000000059604645,45.158809876704,44.328486969071996,48.79999923706055,44.900001525878906,7.255083830676737,3.70102695887426,8.144557790616537,0.8586243987083435
191117038,0.00807391582185,0.00027529039694,0.00912089446661,0.00045821664622000004,0.0063,0.0005,48.678597677519996,47.64198610954799,35.900001525878906,35.70000076293945,5.940840968853606,-26.964997964147305,27.611663890564593,0.2444344162940979
191117038,0.04355008188337999,0.00025199804490000003,0.04425761255249,0.00043416746001,0.0366,0.0012000000476837158,45.263986087536004,44.926973124732,22.100000381469727,18.0,2.059417448961792,23.880904748395732,23.969537826360245,0.3185160756111145
191117038,0.01179941497004,0.00025574224600999996,0.01278065501317,0.00043151313361000003,0.0118,0.0008999999761581422,47.402484035903996,45.762218417232,26.29999923706055,33.09999847412109,1.8019211196068208,22.239521870034885,22.312400306412066,0.3681378364562988
191117038,0.14611339155089,0.00018451114356,0.17588799190807,0.00030206103893,0.15919999999999998,0.005400000095367431,53.6700404664,45.467674314336,29.60000038146973,17.299999237060547,0.7630587081501314,-2.1238429633252265,2.2567603884484626,0.9987620115280152
191117038,0.01159229591776,0.00021300681718,0.01149545035983,0.00036999924201,0.0091,0.0005,45.361977352307996,44.755795637388,32.299999237060554,24.79999923706055,0.20006210900783045,-21.60317855973512,21.604104892459503,0.4511159360408783
191117038,0.09164058586302001,0.00016715785668,0.09588004694011999,0.00028525655675,0.0839,0.0025,46.53056417382,45.297568659132004,19.399999618530273,17.200000762939453,-3.491366633815433,10.396597197271348,10.967170879108217,0.7640496492385864
191117038,0.005800507302720001,0.00014743833175999999,0.006212922682520001,0.00024976177581,0.0053,0.0004000000059604645,48.184433941968,45.357406854156,40.20000076293945,32.900001525878906,-6.451930464695939,-15.047072216711154,16.37197371056528,0.6364645957946777
191117038,0.01407201879584,0.00014310500383000002,0.01459586697259,0.00024490726721,0.0124,0.0005,46.125170209044,45.2744736543,22.5,21.200000762939453,-10.514060517012627,11.566544902614336,15.631059221995134,0.6001201272010803
191117038,0.0041586115725,0.00011581258698,0.00433491265912,0.00019789376569,0.004,0.0004000000059604645,46.83246754971599,44.999619267456,43.29999923706055,39.599998474121094,-13.231716306491997,3.2584240565588654,13.627016963296034,0.6798474192619324
191117038,0.03019122528048,0.00030810864097000003,0.03069516190742,0.00053098559103,0.022000000000000002,0.0008000000119209289,45.975667363056004,44.214410846844,20.5,17.899999618530273,-18.27711544169264,25.590793783332728,31.44734495770135,0.13659800589084625
191117038,0.026027463563069998,0.00023160416634000002,0.027556083626979998,0.00039410012402,0.0245,0.0011000000238418578,48.206234725019996,44.781220576512005,19.899999618530273,21.700000762939453,-21.144480043020447,-13.571565175796067,25.12516855558244,0.2793788611888885
191117038,0.00610998635656,0.00027581418825999997,0.00606217839986,0.00047904072426,0.0048,0.0004000000059604645,45.100844588952,44.122677063048,37.0,34.900001525878906,-24.212042436672608,19.493606682019838,31.084037981456927,0.13214799761772156
200126082,0.02163836995085,0.00031869718811,0.02386183991818,0.0005349030431,0.0194,0.000699999988079071,48.851418166632,45.6679798047,21.200000762939453,17.700000762939453,19.64971105119528,5.647853504571469,20.44526953159218,0.3899810314178467
200126082,0.0546225935136,0.00022746720612,0.05652546433889,0.00038957738739,0.0217,0.0008000000119209289,46.383482983571994,45.19918966032001,23.29999923706055,19.799999237060547,16.921505098325515,-2.5291380901218825,17.10946587744693,0.5598829984664917
200126082,0.01789979050716,0.00046082068261,0.02123671874355,0.00075610005823,0.0178,0.0008999999761581422,51.428271898584,46.556873714808,22.399999618530273,21.700000762939453,16.428764007989454,19.887024044272877,25.79525152750257,0.21412141621112826
200126082,0.030484717075680002,0.00029753389244999997,0.03142497109147,0.00051020147534,0.0275,0.0008999999761581422,46.140735494952004,45.37876553387999,17.700000762939453,16.399999618530273,10.371420521489918,-17.405326939867855,20.2610673557922,0.5015513300895691
200126082,0.02915601710916,0.00039092433417,0.028756043910310003,0.00068028273638,0.0268,0.0008999999761581422,45.306635391612005,44.264977665768,16.5,16.399999618530273,9.214693884527,-23.66881023066785,25.399248403174767,0.31054630875587463
200126082,0.0101808711169,0.00015548331569,0.0110111164302,0.00026270919494999996,0.0094,0.0005,48.808311973272,44.932122892296,38.599998474121094,25.5,7.721734278485027,-7.6739834221710534,10.886464200699049,0.8404344320297241
200126082,0.00899895302904,0.00015047702877000002,0.009592393279760001,0.00025523000836000004,0.0081,0.0005,47.112942952080004,45.900621913932,34.5,30.60000038146973,4.4826710126904095,-10.582422817052064,11.492691095470136,0.8328750133514404
200126082,0.02846624673325,0.00012187775616999999,0.028813274834320002,0.00021025574054,0.027000000000000003,0.0008999999761581422,45.581874765011996,44.942224356576006,18.200000762939453,16.100000381469727,0.07607904269431487,3.2092690114240097,3.210170650719728,0.9612052440643309
200126082,0.00593112039725,0.00013463454291999999,0.0057866557061000004,0.00023519083919000002,0.005,0.0004000000059604645,45.297670024008,43.561300525632,45.5,33.900001525878906,-1.5005802453486616,7.201084821845606,7.355770550441091,0.8718010187149048
200126082,0.06610708559584,0.00040668494623999997,0.07341361839088001,0.0006808208278899999,0.0459,0.0017000000476837158,48.644645513112,46.45847091618,23.20000076293945,16.700000762939453,-2.0751760776467867,-28.250647677424606,28.32676036909203,0.2145533561706543
200126082,0.031575945191,0.00016478110639,0.03841545765946,0.0002688485469,0.0366,0.0015,53.845471451268,45.66959887032001,31.20000076293945,15.800000190734865,-2.9326245158915314,10.679009221914836,11.074362141880595,0.7610601782798767
200126082,0.018630221070299997,0.00028553250183,0.01960638807261,0.00048634509619999996,0.0184,0.000699999988079071,46.990248853535995,45.511063270452006,22.299999237060547,19.100000381469727,-7.3288919037213,-20.072689548372477,21.368783583401925,0.4385636150836945
200126082,0.00561171671798,0.00014150856225,0.006423390575649999,0.0002345667201,0.0056,0.0004000000059604645,48.753676804644,47.575108482516,38.79999923706055,31.399999618530273,-7.576977983232774,-3.8866297252641027,8.515659781776996,0.8750455379486084
200126082,0.01232060611742,0.00024423364619,0.01301884007278,0.00041540550142,0.012,0.0005,46.46991769452,45.926586201168,22.200000762939453,21.100000381469727,-10.882291934461989,15.160629659457841,18.66194528152623,0.4924154281616211
200126082,0.052256312743509996,0.00041919654352999997,0.05431258299337,0.00071735883153,0.0577,0.0020999999046325685,47.684180607732,44.372182465476,16.600000381469727,18.0,-12.15264691125908,-30.238017918638267,32.588659773791264,0.09975586831569673
200126082,0.02722777943471,0.00016683860678000002,0.027424565039830002,0.00028829203660000005,0.0253,0.0008000000119209289,45.456613993188,44.836196871168006,17.100000381469727,16.299999237060547,-13.915250646697498,4.416121248145507,14.599185625488973,0.6433262228965759
200126082,0.01614838082941,0.00016729961902000004,0.01646084735068,0.00028798598370999995,0.0146,0.0006000000238418579,46.156585446756,44.691663535812,21.200000762939453,19.600000381469727,-15.219849439595366,3.9105956260805472,15.71421252236308,0.6018437743186951
200126082,0.004684391554100001,0.00053632081905,0.00700805552004,0.00082080928791,0.0035,0.0004000000059604645,58.23018997145999,51.759260750375994,45.20000076293945,41.900001525878906,-14.135236433106694,30.082367491742747,33.2377592957501,0.12169446796178818
200126082,0.025131488282229997,0.00043332305339999997,0.02638862387031,0.00073918431958,0.0243,0.0011000000238418578,47.88941035392,44.231923625364,19.600000381469727,16.899999618530273,-18.520892646052822,22.22587297322323,28.93109252026243,0.18496187031269076
200126082,0.01760668190038,0.00043869512741999997,0.020105848282150004,0.0007314072075399999,0.0189,0.001,52.959404398788,43.497218721168004,28.0,21.700000762939453,-19.503924955883857,22.44507375176169,29.735147874419688,0.16697074472904205
200126082,0.02970710689047,0.00026930524338,0.033083804145509994,0.00045062096665,0.0304,0.0012999999523162842,49.110515280828,45.933095893823996,16.5,16.700000762939453,-20.650356761872075,-1.4890707105514176,20.70397399785854,0.4247448742389679
200126082,0.044544607811580005,0.00019799230926,0.04526495137895999,0.00034111462643,0.0419,0.0012999999523162842,45.477724752540006,45.176385594096004,19.0,18.899999618530273,-20.755228718489942,9.2176593292335,22.709991860691556,0.3489630222320557
200126082,0.07407399214044999,0.0003837123437200001,0.07920342271331,0.00065027906557,0.0888,0.003,47.680663625316,45.539522893367995,36.70000076293945,17.700000762939453,-21.40037047717977,-16.125527031846687,26.79561754594073,0.22949789464473724
200126082,0.007404113847779999,0.00049718927646,0.0082547187515,0.0008311756277600001,0.0044,0.0004000000059604645,48.458881074096006,46.732524233724,37.5,35.900001525878906,-25.319587089452845,-17.525297181878862,30.793050807913566,0.13100513815879822
200126082,0.00939913697872,0.00044379709386,0.011763486340709998,0.00071955117128,0.0089,0.0005,56.387780112996,44.998846315092,37.70000076293945,24.70000076293945,-31.46340259588669,-6.564915382212222,32.14098028227373,0.11986352503299713
191231012,0.006993233039149999,0.00029498585051,0.007349689802050001,0.0005026679442,0.0091,0.0008999999761581422,46.699210806912,45.583227616571996,32.5,34.900001525878906,23.386112907689146,-0.9746026287972499,23.40641178316336,0.30716806650161743
191231012,0.13468440697964,0.00048582146457000003,0.13535881238072,0.000840264721,0.1238,0.0037000000476837156,46.048759222464,44.278731633528004,16.399999618530273,15.399999618530273,21.357641130605558,-8.889555736965963,23.133785231776294,0.3482240736484528
191231012,0.020792413502310002,0.00023155320506,0.022430135862669995,0.00039128318305,0.0229,0.0012999999523162842,47.817163001843994,45.69013525932,22.899999618530273,20.299999237060547,18.74206587094061,-0.5198767308326344,18.749274712590736,0.4800974726676941
191231012,0.02876329694503,0.00028107321031,0.0324640666217,0.00046864925320999997,0.0285,0.0012000000476837158,50.42698161696,45.497411599644,19.899999618530273,19.200000762939453,15.439866025995046,-18.156935439625283,23.83404184714852,0.3558630347251892
191231012,0.00806578312115,0.00024329671871,0.00887634608141,0.00040920929551,0.0073,0.0005,50.268926047427996,44.4705048792,39.20000076293945,27.29999923706055,14.035172382331185,-14.920167407372462,20.484047998915067,0.4811320006847382
191231012,0.03725706714247,0.00012560646426000002,0.03744012902016,0.0002172087638,0.0341,0.0011000000238418578,45.460311324444,44.708112170604,15.899999618530273,15.399999618530273,12.815086962169435,5.961102012501702,14.133684107557544,0.6395891904830933
191231012,0.06494457349447,0.00018777951996,0.07483175394328999,0.00031103782174,0.0707,0.0025,50.864250397212,45.72660518298,23.20000076293945,19.799999237060547,11.061301275983551,15.433456202117315,18.987973411158574,0.4482444226741791
191231012,0.021045811624459995,0.00012316736484000002,0.02249994908123,0.00020890198852,0.0186,0.000699999988079071,48.597298872299994,44.657178836796,20.600000381469727,17.899999618530273,6.853937535171333,-11.69009253498442,13.551182315284114,0.7611737847328186
191231012,0.01489710297034,0.00013054225065,0.01520620451047,0.00022460195934,0.0133,0.0006000000238418579,46.289558406779996,44.782567059852,21.0,20.299999237060547,6.308729257935772,-13.730636921258357,15.11060036775156,0.7076623439788818
191231012,0.02060106983011,9.378907908999999e-05,0.02051133444865,0.00016268511821,0.0184,0.000699999988079071,44.984391485796,44.77901048514,18.700000762939453,18.0,4.9353855845787775,4.355355568260494,6.582335448924316,0.8958083987236023
191231012,0.00616866793055,9.673533385999999e-05,0.00640924574803,0.00016564958854,0.0053,0.0004000000059604645,48.01776847074,43.899005983896,33.400001525878906,32.400001525878906,1.7671449744766126,-8.991659659804181,9.163663987583561,0.9000961780548096
191231012,0.01079199232775,8.834426582e-05,0.01230935544908,0.00014685764477,0.0112,0.0008999999761581422,50.884942182192,45.43761393698399,32.799999237060554,23.399999618530273,-1.862227408154184,-4.922892509288996,5.2633410688657,0.9695956110954284
191231012,0.02025200008231,9.687960542000001e-05,0.020848481686580003,0.00016619983591,0.0189,0.000699999988079071,45.963333901512,45.276398510508,19.700000762939453,17.799999237060547,-2.2944660217572435,8.297195668550286,8.608601516199009,0.8379108905792236
191231012,0.015822282451919998,0.00023983016043,0.021985344505480002,0.000377789677,0.019600000000000003,0.0011000000238418578,61.38513461397599,46.122466599072,47.4000015258789,24.60000038146973,-7.515666096320684,-29.34453099525043,30.29167153364729,0.1557050198316574
191231012,0.00737054060063,0.00022739614733000002,0.007201198161909999,0.00039706054731,0.005900000000000001,0.0004000000059604645,45.702952028172,43.547087581415994,47.599998474121094,30.79999923706055,-8.45251255802775,-28.18308788179908,29.423286874518446,0.17483490705490112
191231012,0.014985384419559999,0.00024262454252,0.014985384419559999,0.00040784586464,0.0158,0.0006000000238418579,45.179376541452,45.045232503192,19.700000762939453,18.899999618530273,-21.933998849451648,-23.574792201448087,32.200366321593016,0.09995122253894806
191231012,0.0036038879323299997,0.0002262411849,0.00395409113387,0.00038065025942,0.0041,0.0004000000059604645,49.442613706295994,44.997827677164004,41.099998474121094,38.400001525878906,-26.79771661534786,-6.346404002657382,27.538947760602504,0.2154328227043152
191231012,0.01985352911369,0.0002656837017,0.021198301539619997,0.00045043975532,0.0185,0.000699999988079071,47.233848149208,45.778251171672004,23.60000038146973,19.799999237060547,-31.176472926542786,-0.06974519872301235,31.17655093814743,0.1395207643508911
191122035,0.003996554943920001,0.00025046318523,0.0037267621013200003,0.00044426616645999994,0.0037,0.0004000000059604645,44.14789743624001,42.556117504788,44.5,41.29999923706055,19.87497122507263,11.293414097372274,22.85944579745126,0.2901172935962677
191122035,0.05934067890225,0.0002154710661,0.06957926047401,0.00035572320964,0.0614,0.002200000047683716,52.840748336976006,44.898390818028,24.399999618530273,16.899999618530273,19.381393556133734,1.895479521908776,19.473859934011,0.4411463439464569
191122035,0.01582849938911,0.00012892672575,0.0167095818204,0.00021938059794,0.0124,0.0005,46.928305546416,45.64358709372,25.5,22.70000076293945,13.048005928025768,-4.307302519030989,13.740568568946856,0.7094626426696777
191122035,0.01234354434032,0.00011644534356,0.012563310440050001,0.00020051351019,0.0108,0.0005,45.418410699012,45.180932737427995,24.60000038146973,22.60000038146973,8.615626902700274,9.642184901197616,12.930605629461795,0.6808311343193054
191122035,0.00618599099433,0.00030913145422,0.00940122600034,0.00048099007601999996,0.0079,0.0008999999761581422,71.70697617883202,43.515479552544,38.0,29.0,8.265471147550759,-29.796201565355386,30.92135071838362,0.1531628668308258
191122035,0.00353777230075,0.00010631848384000001,0.00436194236989,0.00017286694003,0.0033,0.0004000000059604645,54.595571670215996,45.640193289228,46.70000076293945,44.20000076293945,6.25284566016472,4.407832684080733,7.650297144223497,0.8690215945243835
191122035,0.005092500296239999,0.00023290426684000003,0.00528148109971,0.00039856219778999996,0.004,0.0004000000059604645,46.407407467716,45.745514693856,44.79999923706055,39.0,5.989922576220082,-23.467993604725965,24.22034968682692,0.3566407561302185
191122035,0.03162697619931,0.00013729485743,0.03440269610715,0.00023147319759999997,0.0338,0.001399999976158142,48.548369585016005,45.147970091484005,28.60000038146973,18.600000381469727,4.59593372109437,10.87588563117376,11.807092129751489,0.7282508611679077
191122035,0.01818311037973,0.00028617322197,0.01758315270404,0.00050130960496,0.0137,0.0006000000238418579,44.651465626104,43.347265858944,21.600000381469727,20.299999237060547,4.827839616918153,25.79888383876533,26.24671417778244,0.2502323091030121
191122035,0.061079243595239995,0.00017242530951000002,0.061518464197500004,0.00029794008984,0.054200000000000005,0.0017000000476837158,45.042318135251996,44.993182551552,19.700000762939453,18.0,4.1376464784349976,14.05489411013115,14.65128224557759,0.6261751651763916
191122035,0.00513284599985,9.167436121999999e-05,0.0050439698203400005,0.00015972381097999997,0.0054,0.0005,45.02074176727199,44.132976062892,45.20000076293945,35.20000076293945,1.4498419622877219,3.352907601936212,3.652948184167269,0.955499231815338
191122035,0.0132176083516,0.00018044746657,0.01368275203099,0.00030905900022,0.0101,0.0005,46.663369119036,44.563183503948004,28.29999923706055,27.79999923706055,1.0302040539369557,17.75653724787378,17.78639721780529,0.5205774307250977
191122035,0.01562838709234,0.0002476325448,0.01561042870133,0.0004291036736,0.013000000000000001,0.0006000000238418579,45.455038697052004,45.028484646012004,27.0,24.899999618530273,-0.7455789811070511,-25.703606108685808,25.714417058311344,0.29980218410491943
191122035,0.01987485431105,0.00032643684581,0.02021063591207,0.00056255694726,0.0152,0.0006000000238418579,46.596794009183995,43.575675813576005,24.0,19.5,-2.5775778427994647,31.19778670038727,31.30408312260648,0.159443661570549
191122035,0.00613552948525,0.00013871644156999998,0.006213222945749999,0.00023927674566,0.006,0.0004000000059604645,45.64754416724399,44.61869409616801,33.0,30.79999923706055,-2.938533160860442,15.037620062419615,15.322040960805626,0.6123373508453369
191122035,0.02276283491691,0.00024142185649999998,0.025293204279150005,0.0004041749755,0.0218,0.0011000000238418578,48.47107715704799,46.04502123162,22.299999237060547,22.0,-3.2724042540973017,17.962506432723792,18.25815350723883,0.5091233253479004
191122035,0.011850810448719998,0.00013308402717,0.01619089339527,0.00021088573456000002,0.0159,0.0011000000238418578,61.287797541384,45.478178131356,48.9000015258789,21.299999237060547,-4.0284582503649835,-16.149391913814053,16.644254735000512,0.6338800191879272
191122035,0.00566459405608,0.00029339925021,0.00630572777631,0.00049249310675,0.0052,0.0004000000059604645,51.684684293627996,44.226143966520006,39.29999923706055,34.0,-7.450992954051242,-30.044200627897677,30.95431914794107,0.14267778396606445
191122035,0.01100359640339,0.00010679427448,0.011833691353219999,0.00018066732415000002,0.0097,0.0005,47.916846593784,45.6410139417,25.899999618530273,23.79999923706055,-8.20178398329199,-9.18886592611961,12.316832275927966,0.7688187956809998
191122035,0.02070213356232,0.00033792325406999997,0.022294958398750002,0.0005718847962100001,0.016,0.0006000000238418579,48.23175775014001,44.600945591196,25.5,20.100000381469727,-9.301280705699341,30.35936659401621,31.752208012654627,0.1503644734621048
191122035,0.015243120042979999,0.00030376396947,0.01648967838071,0.00051278583801,0.0166,0.001,48.099829441896,46.209053703924,25.5,28.5,-9.930443902101072,-31.3204579605514,32.856994300016716,0.10069871693849564
191122035,0.004154031163360001,0.00014776370878,0.00410435401709,0.00025698652567,0.0043,0.0004000000059604645,45.160280678052,44.477797579631996,39.5,37.29999923706055,-16.552878721682582,-8.506808043966343,18.610830658885238,0.5100744366645813
191122035,0.01954651685857,0.00024841646359999997,0.02216984857469,0.00041413394670999996,0.0187,0.001,51.394934987676,45.052471922399995,22.399999618530273,19.5,-17.33821542647883,-17.639227797687067,24.733649817972328,0.2950659990310669
191122035,0.007862262887829999,0.00030314897943,0.00870989366595,0.0005084246555699999,0.0113,0.0005,50.3207515089,45.089438742144004,33.900001525878906,28.79999923706055,-18.527329584295188,-24.65798576470836,30.842702812286852,0.13016048073768616
191122035,0.011226648464799998,0.00033169399971,0.011226648464799998,0.0005575694215499999,0.0116,0.001,44.953250926392,44.527654489032,34.799999237060554,38.79999923706055,-21.20073203911853,25.81240259854028,33.40273521887218,0.10142166912555696
191122035,0.01949321048351,0.00029039847246,0.02020751870396,0.00049721133733,0.0134,0.0006000000238418579,47.091114051372,44.849772740268,23.10000038146973,23.10000038146973,-25.93474395395605,-13.036105480796216,29.02667335539801,0.17400036752223969
191122035,0.00487831512586,0.00023524703169999997,0.00465896419969,0.00041466096958999994,0.0045,0.0004000000059604645,46.211570270424005,41.866775055684,37.70000076293945,36.099998474121094,-27.3852492675053,-0.7413277683869203,27.395281211894407,0.2206382155418396
191124036,0.0083100939645,0.00023486850174,0.00827413246714,0.00040766082824999995,0.0056,0.0004000000059604645,46.236642115536,43.809807719195994,42.29999923706055,31.79999923706055,23.877798455415864,-12.049577088683995,26.745826444732607,0.2346724271774292
191124036,0.01188897532041,0.00020209516359,0.011863739608970001,0.00035033793268,0.0134,0.0006000000238418579,45.66907714986,44.425419635340006,27.0,20.299999237060547,21.29076147501324,-10.408500465719765,23.698776782759452,0.3337410688400269
191124036,0.005487933099430001,0.00018443782318000002,0.00548794513679,0.00031948430826,0.004200000000000001,0.0004000000059604645,45.763960931856005,44.344307151432005,40.0,37.5,21.039010786620555,-5.5984435863603625,21.771131209985228,0.3866013884544373
191124036,0.02509552470132,0.00014006326041,0.02507029162595,0.00024267817759999997,0.019600000000000003,0.000699999988079071,45.013506172992,45.00327338982,24.60000038146973,17.600000381469727,17.368355681525294,-3.5278167361780417,17.723012275358,0.5392095446586609
191124036,0.012202294976059999,0.00014684784371,0.01293395597534,0.0002496669225,0.0103,0.0005,47.958955755732,44.727964603164,24.60000038146973,22.70000076293945,17.47055352886286,1.6697031178303037,17.550160258694408,0.5178112387657166
191124036,0.02788042439977,0.00012515202193999998,0.0287973576975,0.00021447578617,0.025,0.0008000000119209289,46.244096999316,45.186850109843995,24.20000076293945,16.5,14.86630308837624,2.5487738215293456,15.083208379316705,0.616478681564331
191124036,0.00641779275109,0.00011104496187,0.00660073845026,0.00019064224752000003,0.0063,0.0005,46.899577482156,44.446338705528,43.29999923706055,33.799999237060554,13.254658490071137,-2.2028265773009594,13.43645759018469,0.7080139517784119
191124036,0.07360559860069,0.00033038791348999997,0.07327471570485,0.00057314298805,0.0595,0.0017999999523162845,45.032208234624,44.399812470768005,17.200000762939453,15.600000381469727,13.512134808246644,21.816777283600974,25.66217268694396,0.2292564660310745
191124036,0.01157856118217,0.00029506371773000003,0.0116116369842,0.00051065973666,0.0078,0.0004000000059604645,45.739245372587995,43.994837076948,26.79999923706055,25.899999618530273,11.659223583196376,24.27239566344976,26.92739175829079,0.20723490417003632
191124036,0.01060198938769,0.00014436753575999999,0.01067300508032,0.00024951264748,0.0097,0.0005,45.607977723059996,44.9797995207,36.099998474121094,34.299999237060554,9.63109588530148,-16.41990390906334,19.0360328575188,0.551245391368866
191124036,0.06747416359,0.00023549323422999998,0.0737272440035,0.00039646683373,0.0593,0.002200000047683716,48.691576420488005,45.88584831583201,18.399999618530273,18.399999618530273,8.041248310501869,-25.297204258113492,26.5444730692312,0.27603718638420105
191124036,0.01977901195114,0.000236356534,0.02202689287304,0.00039560248897000007,0.0179,0.001,49.499422155648006,46.000853008524,24.70000076293945,21.399999618530273,6.867575500039622,-25.15579620758545,26.07636543449361,0.29149454832077026
191124036,0.026602209560990003,0.00027142537565,0.02673911927263,0.00046933380282,0.0209,0.000699999988079071,45.332329812876,44.379684048311994,23.5,17.299999237060547,1.9248392039215136,31.011473300565427,31.071150312346177,0.15852713584899902
191124036,0.00784463875001,0.00010227750625,0.007950446225430001,0.00017636237014999998,0.0062,0.0004000000059604645,45.450718457975995,45.356477353848,32.59999847412109,30.20000076293945,-2.7734384646395362,-11.668193183478165,11.993275763796733,0.8067202568054199
191124036,0.04307095321927,9.803903976000001e-05,0.04300075166391999,0.00016990533897999997,0.038200000000000005,0.0012000000476837158,45.12527681540399,44.596649528532,19.600000381469727,16.5,-3.4592210751906918,12.139424538977936,12.622669640256813,0.7088496685028076
191124036,0.009345180944180001,0.00016359167304,0.0098635743723,0.00027834403055,0.0086,0.0005,46.261696687236004,45.855858981672,39.099998474121094,25.20000076293945,-3.4565895146492798,19.886818303967747,20.184980060676352,0.444188117980957
191124036,0.06116500561937001,0.00010545180014,0.06250385789026999,0.00018135220642,0.0545,0.002,45.9721314675,45.166825028808006,14.800000190734865,14.800000190734865,-4.953487554053459,-8.95381883439391,10.23268562905326,0.8491814136505127
191124036,0.026804008877919998,0.00021653239309,0.02885888314966,0.00036633768241999996,0.0247,0.0011000000238418578,48.919775201460006,44.991817299468,21.799999237060547,20.299999237060547,-5.360682683322451,-24.69141210879191,25.266623371572337,0.30564412474632263
191124036,0.00835783490449,0.00010222021134,0.00845290283075,0.00017638901183000003,0.0077,0.0005,45.52972091301601,45.155787590699994,36.400001525878906,26.399999618530273,-10.455598718759974,-10.035517513905132,14.492440988523233,0.6861696839332581
191124036,0.0038887874635900005,0.00012469347536,0.0038764792729500002,0.00021625071981000001,0.0036,0.0004000000059604645,45.774992122812,44.302590317231996,44.29999923706055,41.0,-10.92874421564049,-12.058878986919398,16.27432095899003,0.6188907623291016
191124036,0.012299491106020001,9.307566245999998e-05,0.012709477877559999,0.00015947319169,0.0099,0.0005,45.999566131787994,45.416682337788004,24.5,23.10000038146973,-12.154489292614311,4.265925397970826,12.881368469111614,0.7048357129096985
191124036,0.012337156417790002,0.00019146210209000002,0.012535755457009998,0.00032988873142000006,0.0097,0.0005,45.809911606572,45.254142327888005,30.899999618530273,28.60000038146973,-12.85485179846175,-19.55293064621776,23.400054053101048,0.3502655327320099
191124036,0.01217100106048,0.0002456709883,0.01210830215689,0.00042639683614,0.0099,0.0005,45.453616347024,43.942082705928,24.60000038146973,23.10000038146973,-22.087820820791073,22.79776995243486,31.74276282043755,0.1251569539308548
191124036,0.032057810652979996,0.00024815457647,0.03161619770503,0.00043187972530999997,0.0216,0.000699999988079071,45.350517990564,44.398694666376,19.799999237060547,17.0,-24.119424139317346,-21.18928280484464,32.104905535442164,0.10446035116910933
191124036,0.0100305817729,0.00020610064866,0.009719895518549999,0.00036094210116000003,0.0078,0.0004000000059604645,45.626587815419995,43.178443329636,26.79999923706055,25.899999618530273,-25.521918323108878,-10.184632119761238,27.47895814301378,0.21485185623168945
190915042,0.01241957726934,0.00022490030334,0.01324810544507,0.00038155800024,0.0134,0.0006000000238418579,48.26107671537599,44.93761651321201,27.0,20.299999237060547,21.29054123097906,-10.411058176817672,23.699702371236782,0.3337410688400269
190915042,0.00524428004184,0.00020777387379,0.005397342580640001,0.00035693688066000003,0.004200000000000001,0.0004000000059604645,48.035472882840004,43.480633546476,40.0,37.5,21.04767950769075,-5.612792107172789,21.78320119398109,0.3866013884544373
190915042,0.023885442978380002,0.00016108635413,0.02440110910232,0.00027707367627999996,0.019600000000000003,0.000699999988079071,46.268545572144006,44.772458399784,24.60000038146973,17.600000381469727,17.364568028716587,-3.5305287510390477,17.719840577095958,0.5392095446586609
190915042,0.0117768308095,0.00017282740576,0.012793405322729998,0.0002915389504,0.0103,0.0005,48.743684644932,45.10235139318,24.60000038146973,22.70000076293945,17.46622228665437,1.6663688240820076,17.545531685634824,0.5205007791519165
190915042,0.02616096730701,0.0001453244689,0.027337054832279998,0.00024816555208,0.025,0.0008000000119209289,47.110029913872005,44.874584258688,24.20000076293945,16.5,14.864625332886948,2.5444185164688964,15.08081932543956,0.616478681564331
190915042,0.06364645082126999,0.00031161411636,0.065128565797,0.00053588382749,0.0595,0.0017999999523162845,46.480572375588,44.216715688452,17.200000762939453,15.600000381469727,13.51054199128506,21.812606189352845,25.65778798105763,0.2292564660310745
190915042,0.00578491428757,0.00011711574056,0.0056278700149099995,0.00020478062063,0.0063,0.0005,45.150140935691994,43.670131049484,43.29999923706055,33.799999237060554,13.253485069098947,-2.224706231818212,13.438904708858626,0.7080139517784119
190915042,0.00978730308975,0.00027374951076,0.00961583622682,0.00047697297697,0.0078,0.0004000000059604645,44.519820721308,44.2817241588,26.79999923706055,25.899999618530273,11.646961225736597,24.2595162529804,26.910473478953467,0.20862352848052976
190915042,0.01036266828458,0.00014898913406,0.01075684186409,0.00025489664324,0.0097,0.0005,46.453682711016,45.536233907844,36.099998474121094,34.299999237060554,9.631978571834324,-16.41910589685578,19.035791137157847,0.551245391368866
190915042,0.0662696541031,0.00023066559869000002,0.07273550956696001,0.00038777593693000003,0.0593,0.002200000047683716,48.79656328338,45.992257149096005,18.399999618530273,18.399999618530273,8.039962066549688,-25.29803562304749,26.544875768563728,0.27603718638420105
190915042,0.02008742400419,0.00023142212616999997,0.02248766961081,0.00038684101136999996,0.0179,0.001,50.001188420952,45.777858870852,24.70000076293945,21.399999618530273,6.8690841887246465,-25.146705746976252,26.067993515849782,0.29149454832077026
190915042,0.02134031403719,0.00027591054172000005,0.02244790509857,0.00047016441933,0.0209,0.000699999988079071,46.820733206112,44.965847950632,23.5,17.299999237060547,1.9134006807372188,31.01026896848917,31.06924177319884,0.15852713584899902
190915042,0.00764712349027,0.00010437301959,0.007796099319,0.00017965559577,0.0062,0.0004000000059604645,46.390792461660006,44.70019149816,32.59999847412109,30.20000076293945,-2.7718273090061065,-11.670709981261895,11.99535195738879,0.8067202568054199
190915042,0.039644712090330006,0.00010558100467,0.040539215501550006,0.00018153752473000002,0.038200000000000005,0.0012000000476837158,45.824217224004,44.9801553006,19.600000381469727,16.5,-3.459276746003605,12.139301739605331,12.622566798892885,0.7088496685028076
190915042,0.00850377150714,0.00016781202178,0.00855543227096,0.00029009028372000003,0.0086,0.0005,45.307076782896004,44.630581826232,39.099998474121094,25.20000076293945,-3.45764120438977,19.87763237272652,20.17611008613156,0.444188117980957
190915042,0.059344443268179996,0.00012449968594,0.061333811364400005,0.00021330347593999998,0.0545,0.002,46.151007149952,45.50417542656,14.800000190734865,14.800000190734865,-4.954336138024769,-8.952372141141351,10.231830629787536,0.8508535027503967
190915042,0.02720565684561,0.0002343502105,0.02986412841395,0.00039401771892000006,0.0247,0.0011000000238418578,49.461721818768,45.368960682096,21.799999237060547,20.299999237060547,-5.357630093346802,-24.686544801867967,25.2612193108798,0.30564412474632263
190915042,0.00859680804597,0.00012620936511,0.008907822931299998,0.00021607613662,0.0077,0.0005,46.683982155059994,45.119322777384006,36.400001525878906,26.399999618530273,-10.462176343168633,-10.033673105510845,14.495910423753886,0.6861696839332581
190915042,0.00370861143912,0.00013331365284,0.00403302479031,0.00022462955868,0.0036,0.0004000000059604645,47.186149452264004,46.884909137364005,44.29999923706055,41.0,-10.921811989888656,-12.032840592113054,16.250376694517797,0.6207246780395508
190915042,0.011764234495920001,0.00010006277644,0.012234375132339999,0.0001710889094,0.0099,0.0005,46.340169009444,45.372056004575995,24.5,23.10000038146973,-12.155223896419466,4.262544134806618,12.880942308541785,0.7048357129096985
190915042,0.012067687033299999,0.00019888746955999998,0.01205689264449,0.00034459727566,0.0097,0.0005,45.66527550648,44.638038733068,30.899999618530273,28.60000038146973,-12.845252468679128,-19.548590569352253,23.39115486149085,0.3502655327320099
190915042,0.00806660101393,0.00025897356882,0.01042069684689,0.00041917490424,0.0079,0.0008999999761581422,60.8762600442,43.367034718044,36.0,28.20000076293945,-21.115960692139804,-23.71642496893541,31.754456938293096,0.11008751392364502
190915042,0.01048216479341,0.00028351843352999995,0.01150167508809,0.00047717504284,0.0099,0.0005,49.529281027536,44.480741624172,24.60000038146973,23.10000038146973,-22.07050185039587,22.780612198282483,31.718389209911248,0.1251569539308548
190915042,0.03255148439076,0.00025121177458,0.03299810264434,0.00043344262669000005,0.0216,0.000699999988079071,46.938548448252,44.09412155474399,19.799999237060547,17.0,-24.107766602746207,-21.184923315773908,32.093270781571896,0.10446035116910933
190915042,0.00967175434041,0.00021804693331999999,0.009635015687770001,0.00037825742825000003,0.0078,0.0004000000059604645,45.78465536748,44.234956339488,26.79999923706055,25.899999618530273,-25.521913660728174,-10.181743083603283,27.477883188614694,0.21485185623168945
200106010,0.00589497641774,0.00023071568855000002,0.00586523522521,0.00040082348373000003,0.0051,0.0004000000059604645,47.315072382299995,42.976390807908004,42.29999923706055,33.400001525878906,17.709953726601526,-21.8449349311538,28.121867321010694,0.21488113701343536
200106010,0.01024799581845,0.00026629038106,0.010498770745360002,0.00045795766425,0.009000000000000001,0.0005,47.316866870880006,43.339774954032,38.0,27.29999923706055,14.314694462017851,28.058268763366303,31.498767808522967,0.10904937982559204
200106010,0.0092776018178,0.00010963989108,0.00929397253341,0.00018980371994999998,0.008199999999999999,0.0005,45.512328526056,44.724030787584,30.70000076293945,25.399999618530273,11.466253499974774,-8.121620044103242,14.051172081521711,0.721960186958313
200106010,0.007653730957430001,0.00010876331662999999,0.0074285011479799995,0.00019028360805,0.0075,0.0005,44.789000700348,44.008876706364,35.599998474121094,26.5,10.430980634675834,-6.9296016313787865,12.522962445215876,0.7742288708686829
200106010,0.00750754851231,0.00010397099512,0.00808944418451,0.00017588121072999998,0.006999999999999999,0.0004000000059604645,48.617429649516,44.690967258624,31.899999618530273,28.10000038146973,6.042244420217045,10.18984536872413,11.846584290466687,0.7241461873054504
200106010,0.01163498683161,9.681831658999999e-05,0.01076288078426,0.00017220072127999999,0.0106,0.0005,44.029950187320004,42.40927450278,23.399999618530273,22.200000762939453,3.6739668183172136,7.647604830463128,8.484330825615466,0.8386957049369812
200106010,0.006575393786729999,0.00016910139694999998,0.00710000389527,0.00028578761974,0.0062,0.0004000000059604645,48.751870325004,45.255109291272,31.70000076293945,29.5,-0.9266224240685156,-21.36819917090781,21.388280759949925,0.4560677111148834
200106010,0.00393620721469,0.00011098841087999999,0.00404965110541,0.00019049773814,0.0032,0.0004000000059604645,46.822521039264004,44.761207994388,46.70000076293945,44.099998474121094,-1.467537313949618,-14.23541906607311,14.310863336807016,0.7314074039459229
200106010,0.005275766140140001,0.00026675072927,0.00529662892257,0.00046362630393,0.004900000000000001,0.0004000000059604645,49.048525976976,40.895988238548,37.5,34.09999847412109,-1.698929286937949,32.646176804535735,32.69035230628685,0.13673685491085052
200106010,0.010530177319849999,8.881470202e-05,0.01057844421634,0.00015360814275999999,0.0096,0.0005,45.66019569696,44.633490234696005,32.5,23.5,-8.493289839645758,-4.330882633986072,9.533754691996693,0.8447962999343872
200106010,0.006267904096479999,8.900428296e-05,0.006355305210010001,0.00015348285753,0.0071,0.0008999999761581422,46.075365205236,44.662838682276,47.9000015258789,31.70000076293945,-8.359405072408407,-5.3840644390194505,9.943226132051748,0.8361863493919373
200106010,0.01848739443548,0.00021865340788,0.01766911087626,0.00038475663165,0.0175,0.0008999999761581422,45.276857241192,42.3862922952,22.70000076293945,18.600000381469727,-10.829099247420602,20.45453324146769,23.144241978605407,0.34475964307785034
200106010,0.01416319515016,0.00019887916063999998,0.01505629677731,0.00033761235110000003,0.0135,0.0006000000238418579,46.859629127687995,45.915954693588,26.79999923706055,23.20000076293945,-18.651552623746305,1.3222897363819444,18.698364855444037,0.4945889115333557
200106010,0.0183654569993,0.000279499866,0.01943008019296,0.00047529888923999997,0.0172,0.0006000000238418579,47.38350665088,45.129400620696,25.0,20.299999237060547,-22.753186228297764,4.5581604690200646,23.20525817599471,0.3351563215255737
200106010,0.00807286589471,0.00031203385718,0.00804357245651,0.00054123765655,0.0075,0.0005,45.767292417864,44.016316491527995,48.9000015258789,39.20000076293945,-24.966162268083572,3.943351576437148,25.27566036074049,0.2742728888988495
200106010,0.00678527195021,0.00027951329197000005,0.006750023642760001,0.0004855265491000001,0.0043,0.0004000000059604645,46.73378018304,42.814893910752005,40.5,36.79999923706055,-26.57798231124377,16.57891575878456,31.324816282672852,0.12846750020980835
200106010,0.0069513825035800005,0.00028699532154,0.0069700548235599995,0.00049767639744,0.0066,0.0004000000059604645,47.779972205436,42.291058382388,42.70000076293945,29.0,-28.15995212044572,11.783784121335492,30.526011300085198,0.14502134919166565
200106010,0.17310816073194002,0.00028451732707,0.17908700566652,0.00048765532423000003,0.162,0.004900000095367432,47.462272546968,44.374198205592,19.399999618530273,17.0,-29.521149533562866,-12.41988158364625,32.02729986474582,0.11569896340370177
200106010,0.00556320148711,0.00023824992689999998,0.01361213163498,0.00034489352657999996,0.162,0.004900000095367432,134.93910752783998,36.913364032356,19.399999618530273,17.0,-29.539241837496657,-12.399362030116,32.03602976750527,0.11515840142965315
191027043,0.0162807519244,0.00020983321937,0.02373198498247,0.00032566075906999997,0.0216,0.0011000000238418578,62.713913239008,47.083585222332,43.900001525878906,23.0,18.718445684655645,-0.6528731863296732,18.729827763075548,0.4830299913883209
191027043,0.01456507754797,0.00036288434045999993,0.01492654929716,0.00062354637378,0.008400000000000001,0.0005,46.297943821943996,45.40362005062801,27.79999923706055,25.10000038146973,16.021531635328778,-27.83774368465798,32.11890158131767,0.11759988218545915
191027043,0.00608631000992,0.00015664957951,0.0062956191188699995,0.00026833481943000005,0.0061,0.0004000000059604645,46.579264916112,44.985109538448,31.0,29.79999923706055,14.913743452678814,-0.7460658418604612,14.932392792879448,0.6388852000236511
191027043,0.0072003332681899995,0.00015600591662999998,0.00727658532373,0.00026928263872000004,0.0058,0.0004000000059604645,45.846281535588,44.830570087584,42.70000076293945,31.0,11.47580642893296,-9.394302848466886,14.830601180983386,0.6958577036857605
191027043,0.009618619077719999,0.00012255065576,0.00967824854356,0.00021184736204,0.0088,0.0005,45.723736344744005,44.740903158719995,26.29999923706055,24.60000038146973,7.85478054963153,-8.711397564571602,11.729701315452782,0.81583571434021
191027043,0.021311263977669997,0.00012612281394,0.02116660800264,0.00021894857118,0.0183,0.000699999988079071,45.107074024992,44.832445157772,19.5,18.0,5.27574821732988,-11.883910872842655,13.002336175289535,0.7840418219566345
191027043,0.00798204544549,9.754092178e-05,0.00924504599566,0.00016134352577,0.0083,0.0005,51.21133428726,45.66922298726401,34.09999847412109,31.5,1.3870963555451306,6.2240320121116905,6.376723977489885,0.8967901468276978
191027043,0.017767811102599996,0.0004013841538,0.018581634787040002,0.00068559912672,0.0182,0.000699999988079071,47.139884340408,44.323179149556,26.29999923706055,18.100000381469727,-6.42622872774328,29.85078361085664,30.534646877599396,0.17381785809993744
191027043,0.014782668732890001,0.00034109132474,0.014303866925689999,0.0005974436761900001,0.0132,0.0005,45.102602894868,44.010196974071995,22.299999237060547,20.399999618530273,-7.316216157450842,-28.00560284331158,28.94545949469881,0.1914828717708588
191027043,0.005861557407859999,0.00016049348498,0.00603400291707,0.00027534003952999994,0.0054,0.0004000000059604645,45.935382666600006,45.046823832036,38.099998474121094,32.700000762939446,-8.333871260306575,16.34864166003765,18.35023080848869,0.5034503936767578
191027043,0.07974463875766001,0.00019489851071000002,0.08086571737084,0.00033606941077,0.0793,0.002400000095367432,45.63634845816,44.600907099779995,17.799999237060547,17.399999618530273,-9.479124682232252,19.478069225242084,21.662133412016193,0.3923534452915192
191027043,0.00588249457982,0.00012549492758,0.006001181159770001,0.00021593380498,0.0058,0.0005,45.854840345328,45.019533005316,49.599998474121094,31.899999618530273,-12.981443923184278,1.6285192235250376,13.083193363492976,0.7030521631240845
191027043,0.03584863437705001,0.00052223416671,0.04490790469169,0.0008462786219500001,0.0449,0.0017000000476837158,56.670858074592,45.314949099168,30.0,18.600000381469727,-13.613718858178297,-26.494944935574235,29.78777901655421,0.15893933176994324
191027043,0.34723453337253,0.00021138417887,0.35480433382146,0.00036352875149,0.3927,0.013800000190734863,45.804903402636,45.402522390756,15.699999809265135,17.5,-14.49771957891467,-11.0188745309757,18.20985307816664,0.5321615338325499
191027043,0.27373867173993,0.00021199063195,0.28325135475975,0.00036310527806,0.32030000000000003,0.011199999809265136,46.44381900114001,45.365552916012,17.299999237060547,15.5,-15.144202729061757,-12.010923365292632,19.328947803225446,0.4894936978816986
191027043,0.00855186772567,0.00024174155653999997,0.0081685634661,0.00042532579957,0.008199999999999999,0.0005,45.187656306912004,43.07131550934,29.10000038146973,25.60000038146973,-16.755059507094312,-13.50225418773988,21.518397795158638,0.40648695826530457
191027043,0.01012255251408,0.00042376389895,0.01012255251408,0.0007123366497699999,0.0129,0.0006000000238418579,44.767810356443995,44.64599086548,26.0,22.299999237060547,-17.53404345706312,29.202367422233085,34.061907581441424,0.10128819942474364
191027043,0.03996298974886,0.00026366545368,0.0406187311706,0.00045429728909,0.04,0.0012999999523162842,45.990134596152004,44.960469579072,15.199999809265135,15.100000381469727,-20.629077898193504,-10.024128677996814,22.935579447175144,0.35119667649269104
191027043,0.00805945165254,0.00029196297188000003,0.00809976339448,0.00050513101512,0.0071,0.0004000000059604645,46.135171052424,44.012021634936,30.79999923706055,28.10000038146973,-25.35050058020711,5.091413404560669,25.8567186674602,0.25706642866134644
191027043,0.07194550776941999,0.00038908241734,0.07389931012093,0.0006681964908999999,0.0718,0.002200000047683716,46.364739399792,44.72301352122,18.399999618530273,17.0,-27.109361672608628,6.871571127514441,27.96667662201357,0.20301665365695956
191027043,0.00736936099422,0.00035417677738999997,0.00794027358239,0.00059923491931,0.008199999999999999,0.0005,49.086598192847994,44.491172035212,27.60000038146973,25.899999618530273,-28.97185752101706,-1.9448353472112705,29.037059479202753,0.18194258213043213
191027043,0.008736978296209999,0.00045829363688,0.00862472041116,0.0007981538669,0.0111,0.0005,46.516646590704,43.200284791499996,31.10000038146973,23.899999618530273,-30.992813852174773,-11.246560822918855,32.970232240141236,0.10272502899169922
191027043,0.01185689299419,0.00050280505683,0.01261471030247,0.00085479624483,0.0127,0.0005,48.607775352432,44.247494810232,22.70000076293945,20.899999618530273,-31.209392182929,3.8195263267033046,31.44224134810669,0.1333562582731247
200130106,0.00992845165934,0.00030167061888,0.01020621204349,0.00051817669706,0.0068,0.0005,47.419930452024005,44.022909112271996,39.29999923706055,29.0,18.258712700162828,-16.195678721195552,24.40651823313625,0.3271653354167938
200130106,0.005411787869930001,0.00056643482313,0.00596409242121,0.00095068959955,0.0064,0.0004000000059604645,48.521756030724,46.166696150039996,30.70000076293945,29.0,15.77524228490692,-21.521605604431173,26.683975075158404,0.2605247497558594
200130106,0.02461793820736,0.00097804228247,0.02675194801577,0.0016494546638900001,0.025,0.0011000000238418578,48.61290827966401,45.445501458395995,19.600000381469727,20.399999618530273,14.792572829645914,-22.53415480779659,26.95561555214537,0.25265833735466003
200130106,0.02239115943576,0.00019527465521999998,0.02509213359692,0.00032646973177999995,0.0231,0.0011000000238418578,50.404820949324,45.079921544688,24.60000038146973,19.700000762939453,12.997168893322973,-7.518663809484919,15.015206804293575,0.6780959963798523
200130106,0.02106962352496,0.00013776004075999999,0.0209200111266,0.00023917783786,0.019,0.000699999988079071,45.078703015356,44.641980912276004,23.29999923706055,19.5,11.404945833656221,-5.082555187300978,12.486194853843891,0.7618191838264465
200130106,0.03758985806187,0.00050495021214,0.039558203242019994,0.00086063446805,0.0371,0.0015,47.675900740752,44.483459883264,16.399999618530273,17.200000762939453,9.299368975761306,28.229099441858416,29.721345442689447,0.1609463393688202
200130106,0.00784856451852,0.00027521465749,0.00825259662685,0.00046933993691000004,0.0075,0.0004000000059604645,48.287500675307996,44.271490969908,27.29999923706055,26.60000038146973,8.793933106271503,-22.88854905002961,24.51974295104054,0.3431509137153625
200130106,0.00951980821824,0.0005239587830299999,0.009826303624559999,0.0008986853335499999,0.008400000000000001,0.0005,47.232864624672004,44.019161972856,25.79999923706055,25.0,8.677744508321862,31.02952264596572,32.22006332037252,0.1216309443116188
200130106,0.0040634462916399995,0.00039637641113999996,0.00368080709884,0.0007125375213700001,0.0035,0.0004000000059604645,45.99426059978401,40.103853567696,44.900001525878906,42.0,8.146082167655711,-31.738678381761225,32.76736905337111,0.10957536846399307
200130106,0.02172933681905,0.00016014433874,0.021926188216380003,0.00027657721838000003,0.0217,0.0008000000119209289,45.92216070684,44.62814238048,23.20000076293945,17.0,7.041766105996113,-17.052816530537385,18.44951529996011,0.5774751901626587
200130106,0.059286834642699994,0.00010410466105,0.059957452279629994,0.00017964105175999998,0.054000000000000006,0.0017000000476837158,45.251987965523995,45.23961829827599,17.799999237060547,14.600000381469727,6.7236882846993815,2.0551589528536858,7.030765042700777,0.8964501023292542
200130106,0.00824891105111,0.00011179095664,0.00844925830328,0.00019210525633,0.0074,0.0005,46.027371611232006,45.107590152096,34.59999847412109,27.0,4.13139362722353,-5.562581110457827,6.928975899599721,0.9446969628334044
200130106,0.00485628090609,0.00012871384565999998,0.00498024437988,0.00022113737609,0.0041,0.0004000000059604645,46.476564352452,44.60581353204,39.400001525878906,37.599998474121094,0.559679646290352,9.973126523410189,9.988818402576632,0.794124960899353
200130106,0.07603769321607001,0.00061911887065,0.07731188221469999,0.0010668486784400002,0.0696,0.0020999999046325685,46.473246504288,44.080077012732,19.700000762939453,17.299999237060547,0.22942501569505255,29.56260450109608,29.563494709330048,0.19064250588417053
200130106,0.005657046672029999,0.00011936057386,0.00588244120313,0.00020409643436000003,0.0052,0.0004000000059604645,46.331546475635996,45.385688851812,35.900001525878906,33.200000762939446,-0.6660683580978205,7.972402538101544,8.000178028760207,0.854722797870636
200130106,0.0051532561053100005,0.00014286491074000002,0.00603987404063,0.00023610052258,0.0055,0.0005,53.437594631471995,44.513698800600004,41.5,40.400001525878906,-2.092939578112341,-12.847937855828585,13.01729168569386,0.7739785313606262
200130106,0.01182963785797,0.0001908009204,0.012962081964739998,0.00032092077766,0.0119,0.0005,48.666513630276,45.459468298836,21.600000381469727,21.200000762939453,-2.9644135674722647,17.080484690346058,17.335819356011893,0.542952835559845
200130106,0.010823720553569999,0.00018904065294,0.01062184504638,0.00032951266405,0.0104,0.0005,44.839333692612,44.190055368072,25.29999923706055,22.60000038146973,-6.087021537244213,16.949747602006635,18.009593963414716,0.5194249749183655
200130106,0.01785775486635,0.00025806588665,0.019373307012750002,0.00043518697825000005,0.0179,0.000699999988079071,47.398836179556,46.523067535224,22.79999923706055,18.200000762939453,-6.64003800622594,-21.578382855166076,22.576893770507628,0.3940455913543701
200130106,0.00390930742355,0.00012046614314000001,0.00474474083984,0.00019641772291999999,0.0035,0.0004000000059604645,52.740065339387996,46.575719543915994,44.099998474121094,41.79999923706055,-8.089444243306732,3.182378291450823,8.692906364546056,0.8448085188865662
200130106,0.0060879112490200005,0.00014553229447,0.00679188029491,0.00024357136279,0.0063,0.0004000000059604645,50.079823655184,45.18398014326,33.900001525878906,29.5,-8.260639733360698,-9.270105371091594,12.416636299672664,0.7672422528266907
200130106,0.013942361081299998,0.00016983869288,0.01402420912335,0.00029361457052,0.0109,0.0005,45.67708120715999,44.686346733324,24.20000076293945,22.299999237060547,-9.789745294913178,-11.992999634538958,15.481303703821382,0.6531909704208374
200130106,0.01901154193003,0.00039139450475,0.018010652886389998,0.0006908081182,0.0148,0.0006000000238418579,44.997301116684,42.396762167676,24.79999923706055,19.5,-11.32665046464402,32.67803101489496,34.585298287796874,0.11012236773967744
200130106,0.020442679191869997,0.00015091182966,0.020632309605409998,0.00026058851200000003,0.0184,0.000699999988079071,45.39694926744001,44.939904670296,19.0,17.899999618530273,-11.783230254447815,10.423472999225275,15.731906404152438,0.597628116607666
200130106,0.009737839756370001,0.000316234679,0.010317380125030001,0.00053744682743,0.0073,0.0004000000059604645,47.093891776596,45.589559116356,28.399999618530273,27.10000038146973,-25.842722072967874,-3.795907551904912,26.120010085451984,0.25315675139427185
191009038,0.0106090004201,0.00017274380704999999,0.011419572277610002,0.00029235533158,0.0097,0.0005,48.596837031972,44.749869503831995,26.899999618530273,23.5,18.65417367048832,10.26055505254651,21.28981333916483,0.349955677986145
191009038,0.01420522736672,0.00018818567156999997,0.013962837346309999,0.00032793097168,0.0141,0.0006000000238418579,45.608275003392,43.499502939348,23.5,19.899999618530273,17.913009029024845,14.540683757336952,23.07174599067591,0.28688594698905945
191009038,0.00480178416333,0.00014242990092,0.005038119578739999,0.00024284322271,0.0055,0.0004000000059604645,46.734761626596004,45.520014901968004,41.099998474121094,38.599998474121094,17.933107978606802,-5.513672604062895,18.76157433695791,0.5081349611282349
191009038,0.02120452947342,0.00036649266174000004,0.020166625070200003,0.00064560419913,0.0182,0.000699999988079071,44.423313188148,43.616856647988,18.799999237060547,18.0,16.995043771163335,-26.34676696406701,31.352479762251924,0.13208019733428955
191009038,0.02610049912753,0.00013239620619999998,0.027669886449580003,0.00022503750781999998,0.0232,0.0011000000238418578,47.679616942740005,45.138269675412005,18.299999237060547,23.29999923706055,12.851647188602312,-10.98075904913535,16.903885442202206,0.6175652742385864
191009038,0.014421590909090001,0.00023024347888,0.01393823991082,0.00040350177616,0.0092,0.0005,45.16916544838801,43.589334464712,25.29999923706055,24.10000038146973,11.80059135143445,-26.111849046096946,28.65449247181937,0.20587830245494845
191009038,0.01526898459089,0.00011788030605,0.015029077216629999,0.00020526772456,0.0143,0.0006000000238418579,45.008332036884,44.452001420208,20.200000762939453,19.700000762939453,10.304882249863628,-16.462652974399507,19.421862150622786,0.5340228080749512
191009038,0.00843324108799,9.446844211e-05,0.00833312552795,0.00016428759939,0.006999999999999999,0.0004000000059604645,45.097249097016004,44.270067974688,28.60000038146973,27.399999618530273,4.312670533988468,9.948321839615344,10.84288626891581,0.7617980241775513
191009038,0.0075252834545,9.426543716e-05,0.00755023933995,0.00016309975612,0.006999999999999999,0.0004000000059604645,45.422413486488,44.609107706568004,28.10000038146973,27.399999618530273,1.098534742853583,11.886765496099676,11.93741880521832,0.7286239862442017
191009038,0.00801824691831,0.00022884945238999996,0.00779499936232,0.00040067081799,0.0071,0.0004000000059604645,46.32204792942,42.230204787564,28.79999923706055,27.399999618530273,1.1758658129889121,28.106585878691764,28.131171311524746,0.21876564621925354
191009038,0.06824522980015,0.00043415806686000004,0.07938160705231,0.00071733758825,0.0741,0.0025999999046325685,51.157338923016006,45.716969939868,27.899999618530273,18.200000762939453,-3.3938083069734355,31.55243438825105,31.734424954994946,0.1553364098072052
191009038,0.021011618792790003,0.00013480258428999998,0.02094673002378,0.00023373862136,0.0205,0.000699999988079071,45.247134245904,44.431074108216,24.899999618530273,17.700000762939453,-5.186714131769838,18.40708873071303,19.123876749606424,0.4815211296081543
191009038,0.01636909885008,0.00015823592713999998,0.01684764385822,0.00027172364503,0.0154,0.0006000000238418579,47.568868430364,44.056488635316,24.70000076293945,19.0,-5.113405528599172,-23.978777981397663,24.517917642835563,0.3305729031562805
191009038,0.007742782081020001,8.990244574e-05,0.007973492939189999,0.00015425146819,0.0072,0.0005,46.684291033584,44.720954575811994,47.29999923706055,28.0,-11.294445217527654,-5.065237785988344,12.37824843375577,0.7470340132713318
191009038,0.0056566170812199995,0.00010280088664,0.006049780740220001,0.00017418278219,0.0055,0.0004000000059604645,47.32529837601599,45.746162445096,38.29999923706055,31.899999618530273,-15.812799985926947,1.6814411853532465,15.90194541291462,0.597327470779419
191009038,0.011128532469280002,0.00022920170696,0.01088022748723,0.00040030756437000003,0.0113,0.0005,46.01312198092801,42.797129511887995,23.10000038146973,21.600000381469727,-20.46239787136129,23.87032195437414,31.440344585548573,0.13447679579257965
191009038,0.00447718677904,0.00014495490421000001,0.0043771859092,0.00025304486840000003,0.0044,0.0004000000059604645,45.480221594279996,43.503587121132,47.099998474121094,36.400001525878906,-20.686408890509746,2.7999507239493435,20.875036340508302,0.4142483174800873
191009038,0.01313131131806,0.00020962159857,0.01445525092706,0.00035219874072000006,0.0128,0.0006000000238418579,49.205002629132004,45.133378603164,32.700000762939446,28.79999923706055,-22.49835208140685,16.822356124466474,28.092053533157614,0.1968381553888321
191009038,0.01369306848943,0.00022603120675999998,0.013803960398339999,0.00039052871137000003,0.0133,0.0005,45.74562559333201,44.416110236004,21.299999237060547,20.200000762939453,-22.481613191909453,20.879847712037943,30.681994021959486,0.14341315627098086
191230041,0.030604633784459996,0.00019481950559,0.03072016768896,0.00033710939611000004,0.0264,0.0008999999761581422,46.236162178692,44.168571357299996,20.399999618530273,16.899999618530273,21.619530938227,-13.227451235292245,25.34496552658325,0.2843993008136749
191230041,0.00841105156408,0.00011964907768000001,0.00835324353753,0.00020771663869,0.0324,0.0011000000238418578,44.8375545486,44.829111612888,19.899999618530273,18.700000762939453,14.495550026505626,1.5341722243334923,14.576509905860414,0.6401378512382507
191230041,0.08095374964342,0.00010478508982,0.08234516201467,0.00018047132591999997,0.07740000000000001,0.002400000095367432,45.705576014315994,45.10798960302,17.100000381469727,15.100000381469727,8.991230027948765,-2.598460831532936,9.359177352348736,0.8578680753707886
191230041,0.0127630998831,7.629217340999999e-05,0.01294211849654,0.00013153149531000002,0.0117,0.0005,45.402956323128,45.302574374496004,22.399999618530273,21.899999618530273,2.2482840625302662,-4.825856202953627,5.323876970506022,0.9735796451568604
191230041,0.007661053828949999,0.00017994137361,0.00736162695555,0.00031613984423000004,0.0063,0.0004000000059604645,45.563175610596005,42.359462091936,32.900001525878906,30.399999618530273,2.273918970403142,23.65285113445899,23.761902126734537,0.3247212767601013
191230041,0.02664881583941,8.542107641000001e-05,0.027809412283900003,0.00014592428230000002,0.027999999999999997,0.0012000000476837158,47.052094445712,45.011360024927995,26.10000038146973,16.700000762939453,-1.4427992176264883,-6.3314011389160045,6.493712929488266,0.9521066546440125
191230041,0.008685656898889999,0.00010994310871,0.00857178951399,0.00019130671708,0.0075,0.0005,45.604710050184,44.035965470196,34.59999847412109,28.29999923706055,-5.275685008710738,-13.913545902840841,14.880170023528974,0.6944425702095032
191230041,0.014795194840290002,0.00024886418793,0.015060665028540001,0.00042875767094000005,0.0121,0.0006000000238418579,46.990162018944,44.230447712664,30.899999618530273,21.799999237060547,-13.855389432943836,-23.309034198575322,27.11604598333625,0.2289690673351288
191230041,0.006998262021210001,0.00012206217489000001,0.0070176118877899995,0.00021126961660000002,0.0053,0.0005,45.907239577103994,44.201257598628,48.5,33.799999237060554,-17.716525947436345,2.1258352849587965,17.843610265213748,0.5252543091773987
191230041,0.030848434838479998,0.00053693598493,0.03124079427447,0.0009265045176100001,0.032299999999999995,0.001,46.828403210880005,44.129429328276,20.600000381469727,17.600000381469727,-18.489043566889574,-21.692874938358326,28.50300015479579,0.183325856924057
191230041,0.22168375682082,0.0008109487168500001,0.22050645014651,0.00140837400418,0.284,0.01,46.989045831168006,43.23919104918,17.700000762939453,16.399999618530273,-19.209268357418143,-24.564872353648155,31.183692280190893,0.12139279395341873
191230041,0.01198473854029,0.00016985176858000002,0.012408701736419999,0.00029085429262,0.0143,0.001,46.333384356276,45.105127108236005,40.0,22.0,-21.310934409461378,9.432530095412778,23.305094071832265,0.32997170090675354
191230041,0.037064180360339996,0.00018437199468000003,0.03868951990008,0.00031489546242,0.0351,0.0011000000238418578,46.563232305276,45.374175130104,19.100000381469727,15.699999809265135,-24.233176728843702,1.4782536070062142,24.27822176154489,0.305048406124115
191230041,0.018438470392349998,0.00027569042729,0.01937962208293,0.00046976518294000003,0.016399999999999998,0.0006000000238418579,46.863821642363995,45.184607138196,22.299999237060547,19.100000381469727,-29.478650152733287,14.827031738196606,32.99736802571624,0.10137400776147842
191225015,0.006024785974990001,0.00020621904175,0.006161787435529999,0.00035514029025999995,0.0051,0.0004000000059604645,48.392694217332,43.191619421904,42.29999923706055,33.400001525878906,17.729532827480433,-21.84704817736721,28.13584220638848,0.21488113701343536
191225015,0.00962302831096,0.00022703592916000002,0.00944674491373,0.00039595976662,0.009000000000000001,0.0005,46.0496943369,42.672915904248,38.0,27.29999923706055,14.327225355866858,28.06585705964266,31.51122273685477,0.1081770732998848
191225015,0.00945023863549,9.845082658e-05,0.00955689607464,0.00016990411039999998,0.008199999999999999,0.0005,45.902080940004005,44.766030446171996,30.70000076293945,25.399999618530273,11.471316773108391,-8.124247291538786,14.056822456965584,0.7197087407112122
191225015,0.00765645833112,9.808273245e-05,0.007625787876159999,0.00017012358555999998,0.0075,0.0005,45.53696312643601,44.41963401500399,35.599998474121094,26.5,10.430129912737948,-6.922981711520263,12.518591722464327,0.7742288708686829
191225015,0.00705942856704,9.59248791e-05,0.007628271592359999,0.00016204105591999997,0.006999999999999999,0.0004000000059604645,48.127421604816,45.2744385894,31.899999618530273,28.10000038146973,6.04459678109776,10.19453201786424,11.851815312709546,0.7241461873054504
191225015,0.011360433926280002,8.420612473000001e-05,0.01092145903682,0.0001478282404,0.0106,0.0005,44.979785994779995,43.143406514351994,23.399999618530273,22.200000762939453,3.674351888115247,7.649102479762262,8.485847527718455,0.8386957049369812
191225015,0.006590542104979999,0.00013917403922,0.0072002486250600005,0.00023449300362999998,0.0062,0.0004000000059604645,49.855674458808004,44.773726809384,31.70000076293945,29.5,-0.9150389538599688,-21.3516542720722,21.371252318820588,0.4586756825447082
191225015,0.0041433809716900005,9.547621495e-05,0.004335749539100001,0.00016294167866,0.0032,0.0004000000059604645,47.11421283516,45.245206402956,46.70000076293945,44.099998474121094,-1.4765069509690418,-14.23564117975647,14.312006851379891,0.7314074039459229
191225015,0.005579652667020001,0.00023598916577,0.004934346146770001,0.0004262499248,0.004900000000000001,0.0004000000059604645,42.745707091656,41.337285329124,37.5,34.09999847412109,-1.6573380109189275,32.65101847959749,32.69305269385693,0.13673163950443268
191225015,0.0072098793603500005,0.00017720127313999997,0.01029220357844,0.00027579590647000004,0.0093,0.0008999999761581422,59.268810203964,48.372127258716,42.29999923706055,31.70000076293945,-7.142916041805101,19.96879553115378,21.207863416913156,0.4100995063781738
191225015,0.01046923987078,7.54552492e-05,0.010422567451959998,0.00013090164806,0.0096,0.0005,45.609531516576006,44.280460448784,32.5,23.5,-8.490448304219465,-4.320330992175839,9.526433453149123,0.8447962999343872
191225015,0.00615676137437,7.608290609000001e-05,0.00633992607226,0.00013051847108,0.0071,0.0008999999761581422,46.348810850016,45.091635058584004,47.9000015258789,31.70000076293945,-8.364895455227174,-5.3754437797337715,9.943179309401977,0.8361863493919373
191225015,0.01773693734409,0.00016308268017,0.017514378331330002,0.00028368260067,0.0175,0.0008999999761581422,45.058402439172,44.006096631996,22.70000076293945,18.600000381469727,-10.833719838922805,20.451594154149,23.143807040728756,0.34475964307785034
191225015,0.013818344661089998,0.00014533380085,0.01482988460645,0.00024595092307,0.0135,0.0006000000238418579,47.161673891532004,46.05674112792,26.79999923706055,23.20000076293945,-18.651787513338853,1.3358285723116663,18.699561436244398,0.4943430423736572
191225015,0.01812658843616,0.00018879550408000003,0.01937475096991,0.00031995661326,0.0172,0.0006000000238418579,47.476300137875995,45.504573410412,25.0,20.299999237060547,-22.74811063387413,4.558195006013946,23.20028827123136,0.3351563215255737
191225015,0.0077636931299,0.00028509407956,0.00833182838749,0.00048275398872000007,0.0075,0.0005,48.371805111492,44.854430845032006,48.9000015258789,39.20000076293945,-24.95107184431525,3.943222337815824,25.26073465981713,0.2742728888988495
191225015,0.00612508291527,0.00021541520451,0.005886962889049999,0.00037830273904,0.0043,0.0004000000059604645,45.46692805734,42.5145145671,40.5,36.79999923706055,-26.553970139673986,16.600343611204345,31.31579884993332,0.12783195078372955
191225015,0.17163094155139996,0.00023530257305000004,0.17799369305569002,0.00040276213072000007,0.162,0.004900000095367432,46.776328810128,45.135072704736004,19.399999618530273,17.0,-29.521317705367217,-12.414414468514051,32.0253352401365,0.11569896340370177
191225015,0.00552256659393,0.00021813882717,0.00947666629701,0.00034256208510000005,0.162,0.004900000095367432,94.661244395028,36.904395200112,19.399999618530273,17.0,-29.465901974063648,-12.500292762431945,32.0077001936927,0.11623219400644302
191229013,0.00702249813667,0.00025882687296,0.007038521990560001,0.00044820651129000007,0.0076,0.0005,46.2792126528,43.760143438632,33.5,26.79999923706055,18.4678869654454,9.754296205800433,20.885598582510184,0.3629226684570313
191229013,0.018420214415189998,0.00018686532044,0.01958239009318,0.00031734961737000004,0.0167,0.0006000000238418579,47.795315563260004,45.065974685076,23.399999618530273,19.0,15.817747316360595,-2.341558342395118,15.990121542447016,0.6036967635154724
191229013,0.0148896516573,0.00018763559979,0.01615682441401,0.00031665241658,0.0141,0.0006000000238418579,48.77214392106,45.084588417287996,28.79999923706055,20.0,15.290355020569944,-3.020272785484273,15.58579302443601,0.6247767806053162
191229013,0.02337270467811,0.00037180238648,0.02590230051139,0.0006233500000599999,0.022000000000000002,0.001,49.640149340424,45.449565663563995,20.600000381469727,20.700000762939453,14.510863758173375,-23.083948583121252,27.265925336316656,0.2453448921442032
191229013,0.015573908131899999,0.00024890887855,0.0163730188876,0.00042405989551,0.0141,0.0006000000238418579,46.498329417419995,45.964683868176,24.29999923706055,23.29999923706055,13.565598890303624,-17.08678483677221,21.817015696435913,0.4341302514076233
191229013,0.01843523077582,0.00049402637744,0.019557793829619998,0.00085051863435,0.0342,0.001399999976158142,54.043849526976004,40.023997820244006,16.600000381469727,18.399999618530273,13.453801926307257,-29.67525740836004,32.58252894829212,0.10931889712810516
191229013,0.014829972156499999,0.00022670619013,0.015335377875389999,0.0003884179569,0.0135,0.0006000000238418579,46.60569704646,44.806287101508,31.70000076293945,26.399999618530273,12.375169444679694,12.262090164958856,17.421338195506472,0.5029209256172179
191229013,0.01574547277251,0.00016089593968,0.01623409304909,0.00027587922162,0.0139,0.0006000000238418579,46.097039764764006,45.316083362292005,29.10000038146973,21.600000381469727,11.688495540829516,-2.279226060639623,11.908643055586861,0.7660227417945862
191229013,0.0043967228244700006,0.00044878277743,0.0035294109799099997,0.00085065160077,0.0053,0.0004000000059604645,45.732389047488006,35.30169816706801,33.0,32.0,10.868854453290405,30.5550362176758,32.43052766497736,0.10942328721284866
191229013,0.0084835472779,0.0001616513935,0.00860163365492,0.00027875069867000003,0.006900000000000001,0.0005,46.139692126752,44.599575289788,49.0,28.899999618530273,9.030825930423765,-9.83352595717691,13.351173255567453,0.7592581510543823
191229013,0.02176847839916,0.0005180213066000001,0.02338504082218,0.00087667809735,0.018000000000000002,0.000699999988079071,47.691517947912,45.283582845972006,20.100000381469727,18.100000381469727,8.009165719599709,32.36601060033123,33.34221771818791,0.1074717789888382
191229013,0.009951508723719998,0.00015986503511,0.01158688558813,0.00026390468804,0.0089,0.0005,51.079494938256,46.121134674312,39.099998474121094,28.399999618530273,6.333469436845443,3.6174445657718666,7.293745641887339,0.8807047009468079
191229013,0.013729652390920001,0.00020259766591,0.020230944029470004,0.00031364691929,0.0166,0.001,63.363792314556,46.921110013836,41.20000076293945,25.899999618530273,1.9325183554730816,15.992024131433167,16.108365406685856,0.5795444846153259
191229013,0.009734066422129999,0.0004127883805899999,0.00982774445584,0.0007131784427,0.008400000000000001,0.0005,46.610961203052,43.581074241456,41.5,32.5,1.901990966215248,28.646304355989752,28.709375457512284,0.20370995998382568
191229013,0.00750876151485,0.00022600167206000002,0.007637761913020001,0.00038945602089,0.0075,0.0004000000059604645,46.937943777528,44.075822861232005,28.10000038146973,26.79999923706055,0.8177395401336495,-19.13343827871164,19.15090471533952,0.546809196472168
191229013,0.007241564427670001,0.00031437999994,0.00795928335142,0.00052801497259,0.006,0.0004000000059604645,48.079130759676005,46.05347748178799,35.900001525878906,30.20000076293945,-1.2225571949864589,22.918601318911637,22.95118538042628,0.35668599605560297
191229013,0.01061254696857,0.00020701607676,0.01097846236653,0.00035456007198,0.0115,0.0005,45.89505197352001,45.461792148587996,25.29999923706055,21.5,-2.5307828121328915,17.684024329543895,17.864196641212487,0.5245752930641174
191229013,0.013021827935600002,0.00013493709509000001,0.01337726219675,0.00023165137183,0.0116,0.0005,46.090470577392,45.194538043908004,29.70000076293945,21.5,-4.105150110428356,-5.822559200490325,7.124214830973423,0.9279481172561646
191229013,0.00908641635376,0.00036444958529000004,0.010227540876559998,0.00060755483884,0.0083,0.0005,48.923808533136,46.32857747384401,28.60000038146973,25.20000076293945,-8.605710833007024,24.912698821082635,26.357153204875377,0.2625656723976135
191229013,0.00732598874849,0.00035727238357000004,0.00757118995548,0.0006128706978200001,0.0071,0.0005,47.831802652692005,43.501205423376,45.599998474121094,27.70000076293945,-9.222955503987887,25.573441748573824,27.18569958624405,0.24192552268505094
191229013,0.01979008770804,0.00017224153815000002,0.02044124281918,0.00029515687523,0.0188,0.000699999988079071,45.97289959608,45.41070860528401,21.700000762939453,17.799999237060547,-9.762004379427133,8.387010297009809,12.8700614666591,0.7006691098213196
191229013,0.02537466734,0.00078896222228,0.03261767967245,0.00126977544347,0.0275,0.0012000000476837158,57.886632782856005,45.240613718652,32.0,16.600000381469727,-15.859800707601005,-26.352574210632238,30.756893846735892,0.13273563981056213
191229013,0.00320074857282,0.00033411087312000006,0.00392399032295,0.0005422075887100001,0.0032,0.0004000000059604645,51.114455931708,48.407175558216,45.70000076293945,43.70000076293945,-19.02987187534474,14.82432540382807,24.12248748767079,0.304017186164856
191229013,0.007611324377079999,0.0002905972059,0.009348821187219998,0.00047132126992000006,0.0065,0.0005,51.281458691148,48.51564336576001,48.29999923706055,29.29999923706055,-20.586838031655585,-1.1199356597958856,20.617277730835852,0.42754980921745295
191229013,0.022628317772840002,0.00032884268576000003,0.022648224396169994,0.00056947252598,0.0224,0.001,45.58640759470801,44.41948484652001,20.100000381469727,17.200000762939453,-23.46270689634904,4.1998911604312354,23.83563355106541,0.31790611147880554
191229013,0.01998666916691,0.00033582283606,0.02194746037089,0.00056436792795,0.0204,0.001,48.61189561946399,45.702473625719996,18.700000762939453,17.700000762939453,-21.974096384190265,4.054533659748716,22.34502027765987,0.364443302154541
191004042,0.01136251335829,0.00017226943798,0.01071966356729,0.00030431291679000003,0.0091,0.0005,44.175121223831994,43.655251254264,30.70000076293945,24.60000038146973,10.593731562376432,-20.45820402180699,23.03831450796937,0.3968588709831238
191004042,0.12681382428532,0.0011225300101300002,0.14294186888385998,0.00187253526698,0.1114,0.004,49.687218579239996,45.371034269640006,16.700000762939453,17.0,8.824876813624616,27.497788709624853,28.87914773302216,0.17650023102760315
191004042,0.02364647157095,0.00013229366709,0.023376892862650003,0.00023002991574,0.0198,0.000699999988079071,45.13141119384,44.690745257244,23.5,19.399999618530273,5.493858067820277,-16.310499956550494,17.21088779890639,0.6294588446617126
191004042,0.02254535957223,0.00049488808177,0.023527628579270002,0.00084632946587,0.0206,0.001,47.97931887504001,43.367326085808,27.5,18.100000381469727,3.265905306627117,34.55557049675543,34.70955532118288,0.10196046531200408
191004042,0.016439475150940002,0.00029823879145,0.01497166876865,0.00053331397994,0.0132,0.0006000000238418579,43.754566167503995,42.775552353095996,25.399999618530273,20.5,2.2511206788107225,-32.00605938304025,32.085124826357415,0.12759758532047272
191004042,0.01183144150642,0.00011449190689000001,0.012804084846669998,0.00019334043147000002,0.0099,0.0005,48.149070216767996,45.324115974648,38.099998474121094,23.899999618530273,2.221746983505256,9.207037464423712,9.471308606939713,0.8079328536987305
191004042,0.014936090783290001,0.00012442775383,0.01490526312031,0.00021568947473,0.0131,0.0006000000238418579,45.30187009637999,44.345796062615996,25.0,20.799999237060547,-3.7083217689803383,12.980840687275286,13.50014110792022,0.6775031089782715
191004042,0.01160582533448,0.00012693283697000002,0.01267991869588,0.00021378845749,0.0118,0.0008999999761581422,49.01604614006401,44.906217819371996,32.09999847412109,31.60000038146973,-1.3816418496188403,11.2750649916858,11.359402181565914,0.7502580881118774
191004042,0.04907371325423,0.00022408393398,0.04835500431548,0.00039010379816,0.0429,0.0012999999523162842,45.359461899323996,44.245602650844,16.100000381469727,15.5,-8.002578854884321,-12.644505353374695,14.96410689488489,0.6808176040649414
191004042,0.01067771887698,0.00026287308781,0.01079973520049,0.00045367637913,0.0089,0.0005,46.529567658504,44.587654535663994,41.599998474121094,29.10000038146973,-8.619398998499657,-27.815371214833032,29.120221387192224,0.1844722479581833
191004042,0.0103161162253,0.00011158170524,0.01043982309903,0.00019250312447,0.008,0.0005,45.502118366364,45.030880652004,28.79999923706055,26.20000076293945,-8.724022341848809,0.32582123800955737,8.730104528144981,0.8520728945732117
191004042,0.0214827707436,0.00014583169715,0.02102577482722,0.00025443896388,0.0191,0.000699999988079071,44.952995470392,43.96658339592,19.200000762939453,19.100000381469727,-17.86170958413296,6.197146656194022,18.90621459616005,0.4816780388355255
191004042,0.02740971709797,0.00023509980374000002,0.02918498238575,0.00039902427596,0.026000000000000002,0.0011000000238418578,47.508833068920005,45.069988987584,17.399999618530273,16.5,-18.01948071349213,15.464677046166836,23.74564657050502,0.3153790533542633
191004042,0.02245665413034,0.00041532674754,0.02641234524222,0.00068694049858,0.0272,0.0012000000476837158,54.638181008568,43.166062164276,25.5,16.600000381469727,-24.62651737559917,21.647383013122926,32.788207232205785,0.10485244542360306
191004042,0.00783182600897,0.00025474709352,0.006569739183170001,0.00046905207066,0.006999999999999999,0.0005,42.620803118496,40.203851212872,47.29999923706055,28.60000038146973,-26.399242828026512,-18.703324822149447,32.353168392091625,0.10318361222743988
191004042,0.0080818018439,0.00035879151619999997,0.00770780097955,0.00063164543644,0.008199999999999999,0.0005,44.753159428056,43.274856564395996,29.70000076293945,25.899999618530273,-30.15983283916396,-5.9527849511470174,30.74166970773277,0.14509592950344086
191004042,0.0417029293328,0.0006827343657400001,0.03987781730755,0.00120082749395,0.0388,0.0015,44.627621671907995,43.35523924698,17.299999237060547,15.199999809265135,-33.29106310010572,1.8797713535771847,33.344089614479266,0.10400019586086273
190921041,0.033863934037480004,0.00019003764348,0.034249746907959996,0.00032800120864999997,0.0297,0.001,46.28992073792401,44.32425323868,17.0,15.899999618530273,22.3238893164056,-9.32559069212623,24.193417566268398,0.311884880065918
190921041,0.017245859628529998,0.0002452019213,0.01713029745354,0.00042679588329000006,0.0147,0.0006000000238418579,47.767857866028,41.9949023985,25.5,19.799999237060547,17.97033421134989,14.375622913528106,23.012813028401517,0.2891177535057068
190921041,0.039078051869940005,0.00026816926205,0.03823340395946,0.00046817893897000004,0.0353,0.0011000000238418578,45.842974331976,43.440470337888,19.5,15.399999618530273,17.799646678735595,-26.739585597408052,32.12205582349086,0.11434002220630644
190921041,0.00683287840187,0.00017233122043,0.0070277641801599995,0.00029571660393000004,0.0064,0.0004000000059604645,45.87172298870401,45.513459822600005,32.299999237060554,29.60000038146973,17.807772118840578,-12.512976467053385,21.76441883983015,0.4158020317554474
190921041,0.00456916306898,0.00016846242968000002,0.004305013765560001,0.00029777353817000003,0.0053,0.0004000000059604645,44.651067568236,42.830032438944,35.599998474121094,33.200000762939446,16.97368785892489,-12.19417182735795,20.89982530423416,0.4515548050403595
190921041,0.00588256496397,0.00022522428061000002,0.0057812500106,0.00039313060047000006,0.0061,0.0005,47.034221191667996,42.494666011344,40.099998474121094,35.09999847412109,13.472318615651348,-22.4305473963767,26.16543998621023,0.27997979521751404
190921041,0.00329627871597,0.00023924253528,0.0031536430165100006,0.00042125578051999997,0.0034,0.0004000000059604645,46.19359880316,42.143035357728,46.4000015258789,43.79999923706055,13.572347966137727,-25.07831407226921,28.51538529181334,0.20743384957313535
190921041,0.01147007259725,0.00017090246301999998,0.01153907085907,0.00029543530587999996,0.0109,0.0005,45.510485040792005,44.908602935796004,27.10000038146973,26.60000038146973,12.013843066289404,-16.966910150233492,20.78959579544706,0.477388322353363
190921041,0.03081594338569,0.00016744748019,0.03031981905773,0.00029179585488999996,0.0304,0.001,45.972517717980004,43.204606337016,16.200000762939453,15.800000190734865,9.700251548504678,16.468651273370543,19.11310113677744,0.4491592347621918
190921041,0.011663306536169999,0.00010995785385999999,0.01235103118284,0.00018695363291999998,0.0117,0.0005,47.455078798368,45.176675998428,28.899999618530273,26.60000038146973,8.086085323962138,1.3491261239171806,8.197860318883842,0.8672800064086914
190921041,0.00728818706137,0.00019411339752,0.00732947538625,0.00033630918545,0.006,0.0004000000059604645,47.711515948128,42.520380635088,32.200000762939446,30.60000038146973,7.731151095006112,20.271572774022665,21.69577533084036,0.3715042471885681
190921041,0.00360482304427,0.00011910727696,0.0035322105397199996,0.00020797996063999998,0.0033,0.0004000000059604645,46.473574143744,42.593447406420005,46.599998474121094,44.400001525878906,5.770730047356273,12.660357738835938,13.913512597590733,0.6498613357543945
190921041,0.011427395570149998,0.00015045501871000002,0.011446195290379999,0.00026052093981000004,0.0104,0.0005,45.961197324660006,44.285376102408,26.0,23.10000038146973,4.294773897191561,-18.197725583430085,18.69765030567061,0.5686179995536804
190921041,0.01755763523504,0.00010797537080000001,0.018334908182000002,0.00018454230685,0.016399999999999998,0.0006000000238418579,47.818197878184,44.133030921312,20.299999237060547,18.899999618530273,2.4169494025327274,10.718827923808648,10.987943280895081,0.7600173354148865
190921041,0.04019485178407,0.00018748602432,0.04132159997738,0.00032196683158999996,0.0393,0.0012000000476837158,46.934801989236,44.232812112348,17.799999237060547,15.100000381469727,-5.751637946963422,14.524190303379081,15.621563500766142,0.6027153134346008
190921041,0.032283938363349994,0.00019447965953999999,0.032895702747189996,0.00033491606231,0.0313,0.001,46.730713186692,44.324560861992,17.100000381469727,15.800000190734865,-7.0122554869523945,-20.045155830043566,21.23627655673337,0.4428489804267883
190921041,0.00788050723904,0.00028972038979,0.00725915878549,0.00051597831611,0.0076,0.0005,43.590425565564004,42.531613797203995,37.099998474121094,27.29999923706055,-8.196423223719735,32.598511043174895,33.613126338856965,0.12605971097946167
190921041,0.0082862194673,0.00013136873435,0.00843667645462,0.00022624099187,0.0081,0.0005,46.24595454600001,44.506334140164,27.0,25.899999618530273,-9.040366528885144,9.065555036626472,12.80282490896888,0.7033486366271973
190921041,0.008036257916189999,0.00025220233865,0.0090621724814,0.0004200902987,0.0079,0.0005,48.820553475696,46.95480840434399,41.79999923706055,29.5,-12.258109467770822,-20.17829070540961,23.60980596879692,0.3434132933616638
190921041,0.10018827059886999,0.00019061985579,0.10207928483524001,0.00032814566547,0.0919,0.002799999952316284,45.874529669124,44.962301066112005,18.700000762939453,15.600000381469727,-14.028922891131835,1.567377138659119,14.116208235319489,0.6650809645652771
190921041,0.02476123323258,0.00028884670985,0.02793636736335,0.00048208243507,0.0245,0.0011000000238418578,50.723349852672,44.781358459356,18.200000762939453,16.899999618530273,-14.235649626380374,30.921648658557825,34.041101785230715,0.11104003340005876
190921041,0.011724782804080002,0.00026107781099,0.01156932443709,0.00045492620706000003,0.0095,0.0005,46.645832955059994,42.625841050548,25.20000076293945,23.899999618530273,-15.160021022953153,26.226448358984605,30.29271153605207,0.1659918874502182
190921041,0.00741180693245,0.00014862014259,0.007407435832819999,0.00025763179918000004,0.0064,0.0005,46.441517562575996,43.64879133546,39.29999923706055,29.899999618530273,-15.06183358603982,-8.496318407837363,17.292940627892953,0.5631230473518372
190921041,0.03946366356041,0.00030582829035,0.042006020454199995,0.00051892579968,0.0395,0.0012000000476837158,46.630077746724005,46.116290452428,20.0,17.600000381469727,-15.325850268428374,12.473323367570774,19.760173368444217,0.4501623809337616
190921041,0.009774937058599999,0.00019526552798,0.00977666227673,0.00033831569709,0.0091,0.0005,45.993769598376005,44.018315115084,35.70000076293945,24.70000076293945,-18.44033216155005,2.1308608531633264,18.563037861695694,0.4983349740505218
190921041,0.019788650298310003,0.00021635029396999998,0.02042318639969,0.00037098049085000005,0.0206,0.000699999988079071,46.784154234492,44.614136473272,21.899999618530273,19.200000762939453,-19.725075901325265,6.9138086639969085,20.90164694431179,0.4111290574073792
190921041,0.01619439576034,0.00028094153799,0.015120323518639999,0.00049888624069,0.0169,0.0008999999761581422,45.459700541711996,41.417991767268,23.60000038146973,19.399999618530273,-23.667710997872682,22.157075798772112,32.420499614276146,0.11295370012521745
190921041,0.03031315622616,0.00035412084477999995,0.02964522361889,0.0006183191622999999,0.0294,0.001,45.873664740108005,43.24837638078,21.299999237060547,16.0,-27.786090217832893,-9.224328771424542,29.277178790883923,0.17192339897155762
190921041,0.00830728345887,0.00031779888162,0.007887376873899999,0.0005606548053500001,0.0056,0.0005,45.341368666632,42.403091320908,43.599998474121094,36.599998474121094,-31.553986552155138,0.3094026302623046,31.55550339691775,0.1324101686477661
191207035,0.00685317788312,0.00019591546300000003,0.006724007510339999,0.00034151840794999997,0.0051,0.0004000000059604645,45.155746927980005,44.407903088051995,42.29999923706055,33.400001525878906,17.711356138790997,-21.851199554592885,28.12761692065186,0.21488113701343536
191207035,0.00960175079224,0.00025068584594,0.01007297727083,0.000428254163,0.009000000000000001,0.0005,48.64771891512,43.16871815888401,38.0,27.29999923706055,14.37304985477308,28.10981314881582,31.571213997296606,0.10745573043823242
191207035,0.00944934346527,0.00010079003911,0.009223665689339999,0.0001760026036,0.008199999999999999,0.0005,45.095421287916004,43.98131932146,30.70000076293945,25.399999618530273,11.464317830855965,-8.120205435118981,14.048774864778792,0.721960186958313
191207035,0.00793405176752,0.00010111447918,0.00784262945809,0.00017582813533,0.0075,0.0005,45.397668358512,44.219646089424,35.599998474121094,26.5,10.432502155405835,-6.9265098774383524,12.522519436080765,0.7742288708686829
191207035,0.007515185780710001,0.00010420823512000001,0.0082276265437,0.00017522338940000002,0.006999999999999999,0.0004000000059604645,47.689174249703996,46.291983572484,31.899999618530273,28.10000038146973,6.0415516967522205,10.191427024101651,11.847591517368565,0.7241461873054504
191207035,0.012371991522349999,9.158961777e-05,0.011961019558889998,0.00016044640077000002,0.0106,0.0005,44.300385751716,44.05206625452,23.399999618530273,22.200000762939453,3.681255505107636,7.660879194605626,8.499452317390192,0.8368439674377441
191207035,0.00666974777534,0.00015773341508999999,0.00710972098462,0.00026786344546,0.0062,0.0004000000059604645,49.02949090007999,44.423094280248,31.70000076293945,29.5,-0.9314318674556062,-21.36335917140948,21.383654253714713,0.4560677111148834
191207035,0.00418650530687,9.957495501999999e-05,0.0042267083334,0.00017192154557,0.0032,0.0004000000059604645,45.383921403264,45.316809076535996,46.70000076293945,44.099998474121094,-1.4720148288895305,-14.230704047752345,14.306633180954107,0.7314074039459229
191207035,0.0056861955577099995,0.00025443060233,0.00510181066178,0.00045794162823999997,0.004900000000000001,0.0004000000059604645,44.600299891884,40.19369159448,37.5,34.09999847412109,-1.6723509278540345,32.632895265266946,32.675717697027615,0.13771837949752808
191207035,0.0107885328723,8.285923599e-05,0.01066765101324,0.00014406271666,0.0096,0.0005,45.206593926552,44.372426967180004,32.5,23.5,-8.492881687000114,-4.321860356227721,9.529295791829194,0.8447962999343872
191207035,0.006404729984060001,8.361581765000001e-05,0.00657388532353,0.00014360161146,0.0071,0.0008999999761581422,46.350074585052006,44.944116663096,47.9000015258789,31.70000076293945,-8.363535367115853,-5.368732066334458,9.938407869013439,0.8361863493919373
191207035,0.01898348421642,0.00016625085081,0.01874473738331,0.00028919032459,0.0175,0.0008999999761581422,45.08286186402,43.979936433228,22.70000076293945,18.600000381469727,-10.825615502115927,20.45628060730397,23.144156585750853,0.34475964307785034
191207035,0.01417790127424,0.0001560842621,0.01504218319863,0.00026513235777999997,0.0135,0.0006000000238418579,46.724099187204,45.958025055671996,26.79999923706055,23.20000076293945,-18.65001876685538,1.3276373714279526,18.69721379515968,0.4943430423736572
191207035,0.01880284721797,0.00025715899132,0.01996926444539,0.00043674321589,0.0172,0.0006000000238418579,47.411428523544,45.275957582832,25.0,20.299999237060547,-22.754436684047946,4.556867470528874,23.206230342405394,0.3351563215255737
191207035,0.00795586614434,0.00028738011981,0.00793177225754,0.0004985430527200001,0.0075,0.0005,46.458615167676,43.385382734508,48.9000015258789,39.20000076293945,-24.957657069485244,3.9372846177361978,25.266313229377605,0.2742728888988495
191207035,0.00713656504842,0.0002494320088,0.00691126619419,0.00043686692111,0.0043,0.0004000000059604645,45.479027585123994,42.82617526308,40.5,36.79999923706055,-26.583019757407552,16.60662639450345,31.343763062110558,0.12783195078372955
191207035,0.00787710574526,0.00025817968487999997,0.00918162324047,0.00042753489326,0.0066,0.0004000000059604645,53.416764157176,43.976248277075996,42.70000076293945,29.0,-28.166991768254352,11.806855659377158,30.541416901491772,0.14449328184127808
191207035,0.17661493665429,0.00026304120744,0.18179078371567,0.00045150286426,0.162,0.004900000095367432,47.09505687786,44.49396496269601,19.399999618530273,17.0,-29.51897242539039,-12.415432634646054,32.0235680729492,0.11569896340370177
200306072,0.00973466789356,0.00022603485886999998,0.01072336924318,0.00037940057856,0.0088,0.0005,48.585480345827996,46.166724530712,28.899999618530273,25.20000076293945,19.34669674284396,-13.1005094155849,23.364849880901012,0.3568423390388489
200306072,0.00842853529093,0.000290523434,0.01030396395745,0.00047353495053999997,0.0106,0.001,54.826538947452,45.483592936608,46.79999923706055,26.10000038146973,18.027484398737183,-17.396657171604687,25.0525667410484,0.30891984701156616
200306072,0.043695873147559995,0.00034342369502000003,0.04349473976741999,0.00059585159626,0.0369,0.0012000000476837158,46.032842522196,44.325331905564006,21.100000381469727,15.399999618530273,15.274114715703444,-28.83649596776409,32.63183427638999,0.10766085237264633
200306072,0.00530320431055,0.00024530231343,0.00506273663145,0.00043155953506,0.0047,0.0004000000059604645,44.193263045760006,44.074974495384,47.70000076293945,36.70000076293945,15.318681052696814,-17.96595819336916,23.610072143751136,0.3664407730102539
200306072,0.00975722780807,0.00035231407912000005,0.00962745224204,0.00061298576998,0.0085,0.0005,44.50019546448,44.33929679966401,31.899999618530273,25.899999618530273,7.6987270521196125,30.539441704258,31.494862099410696,0.1339988112449646
200306072,0.00457508307716,0.00033683705269,0.00487694857179,0.0005727883514199999,0.0046,0.0004000000059604645,49.122876887496005,43.426769882868,41.900001525878906,36.400001525878906,6.952855324991746,28.73466233050957,29.563861226023374,0.17098331451416016
200306072,0.03159489120956,0.00012047209926000001,0.03185494673784,0.00020809687307,0.0287,0.001,45.551717291952,45.081597898044,21.600000381469727,16.100000381469727,1.4961599514116202,-13.851108557366855,13.931679394640165,0.7502255439758301
200306072,0.00583472589204,0.00015262351201,0.00658291896066,0.00025442628934,0.0062,0.0005,50.277931432200006,45.7678294731,44.900001525878906,31.10000038146973,1.1619098343357532,-17.105462678548648,17.144879024618128,0.6290591359138489
200306072,0.00249566423706,0.00012368929919,0.0026559577043000003,0.00020991605894,0.0033,0.0004000000059604645,47.078580812615996,45.533422822212,49.4000015258789,45.4000015258789,-1.7486271421342907,12.846381509472016,12.964844794149911,0.6948330998420715
200306072,0.08639808774183999,0.00012817553201,0.08908930679886999,0.00021979150084,0.0833,0.0025,46.386756690696004,44.895148144955996,18.299999237060547,16.799999237060547,-3.138220066715613,6.395936267555139,7.12435362418404,0.8789050579071045
200306072,0.031127289132560004,0.00014084797154,0.0309619724569,0.00024439193597,0.0303,0.001,44.86914938052,44.619831898956,21.5,18.700000762939453,-4.939774428092858,14.702792637766686,15.510426621124216,0.6059427857398987
200306072,0.01353559606232,0.00010496266895000001,0.013623299345870001,0.00018141949441999997,0.0122,0.0005,45.563532388956006,44.713494786204,24.70000076293945,21.5,-5.19305434289061,0.9695932408111329,5.2827950694450365,0.9358687400817872
200306072,0.01595462210982,0.00018924560734999999,0.01630173840568,0.00032547554937,0.0153,0.0006000000238418579,46.357953144192,44.959045330836,21.200000762939453,19.799999237060547,-8.259249693474354,-17.428182585857545,19.28616523147144,0.5161863565444946
200306072,0.00471978765054,0.00029776060367,0.00598796550759,0.00047838431295,0.0041,0.0004000000059604645,52.907180158188,48.175575608988,49.79999923706055,39.79999923706055,-8.155498066476301,19.208569709247808,20.86817210013624,0.4193569421768189
200306072,0.17440447145521001,0.00025315953026,0.17979692672011,0.00043414061626999994,0.1662,0.005,46.30007970486,44.772802880220006,19.0,15.600000381469727,-9.531786074333132,17.055778939473065,19.53852081249511,0.4618683457374573
200306072,0.00512780218963,0.00023579210247999999,0.00552886584205,0.00039878591754,0.0048,0.0004000000059604645,48.363773141052,44.884679960663995,39.20000076293945,36.0,-11.991278876716011,14.012466156065248,18.442862590880246,0.4976140260696411
200306072,0.01780418958743,0.00025695415261000004,0.01784242264847,0.00044478187356000005,0.0149,0.0006000000238418579,46.017342582984,44.482139889624,28.899999618530273,20.0,-12.254397458153212,-20.604317285116924,23.97303380195724,0.331571102142334
200306072,0.02388386800885,0.00035813245062,0.02388386800885,0.0006020118058200001,0.0333,0.001399999976158142,45.586495781856,44.968668154236,38.599998474121094,21.299999237060547,-14.533900279060152,-29.154493133736228,32.576274541899096,0.09976164251565932
200306072,0.01261000185518,0.00014419749540999999,0.01249175478498,0.00025058242666,0.0117,0.0005,45.348790017528,44.14427721752401,28.60000038146973,22.200000762939453,-14.99450470990401,5.012744493713665,15.810206181653587,0.5981208086013794
200306072,0.0199331785038,0.00034367044529,0.01973531590982,0.00059735290034,0.0194,0.001,46.061907466247995,44.025656037084,19.399999618530273,24.10000038146973,-16.105098155801247,-27.119818308881776,31.54129596382213,0.11755038052797318
200306072,0.03977958541936,0.00018763764511000003,0.03960400641138,0.00032547786298000003,0.0361,0.0012000000476837158,45.197944707096006,44.799996145392,17.0,15.800000190734865,-18.64503432225987,-10.396405567172502,21.347634384001157,0.4084688127040863
200306072,0.011302394234730001,0.00024900711024,0.01112227365798,0.00043401299182000005,0.01,0.0005,46.108074777768,43.077423719592,27.29999923706055,23.79999923706055,-24.42814445428727,8.046749962093621,25.71931835435086,0.25909924507141113
200306072,0.00396930345081,0.00031408173432,0.00413604636338,0.0005378996924500001,0.0044,0.0004000000059604645,48.68382970810799,43.5994810254,47.79999923706055,40.0,-23.67043536532545,-14.09887344005258,27.551127042796878,0.2087017148733139
200306072,0.0035751361892399996,0.00027615163629,0.00325086565155,0.0004949056977099999,0.0043,0.0004000000059604645,45.229861336283996,40.627085844456,42.0,38.400001525878906,-27.87090119469495,5.1322222889049955,28.33948238648795,0.19475215673446652
200108171,0.0032200431867,0.00019292686193999998,0.0027920301395699997,0.00035166994814,0.008400000000000001,0.0005,44.32126852026001,39.574538302356,31.60000038146973,25.5,19.53523663724429,6.815195543999428,20.689897554765714,0.37634131312370295
200108171,0.0036375280519699996,0.00024226880765,0.00380454029365,0.00041418564171,0.0031,0.0004000000059604645,48.56290874729999,43.512809365296,49.0,46.099998474121094,17.78916313745824,14.874237088922696,23.188257359185084,0.28508543968200684
200108171,0.01476658277857,0.00023802020141,0.014736336996290001,0.00041255490155,0.013000000000000001,0.0006000000238418579,45.31610551824,44.698909145724,22.5,20.799999237060547,17.224947898970367,-14.733407398147886,22.666501871755166,0.389153778553009
200108171,0.020311300891099997,0.00021865751397,0.02095523115125,0.00037496184059999997,0.0184,0.000699999988079071,46.821171758688,44.525859129684,21.5,18.399999618530273,16.079407393504262,13.747019397494608,21.15482229455869,0.356115996837616
200108171,0.013240084889410001,0.00027922569348,0.013219136790750001,0.00048422604264,0.0134,0.0006000000238418579,46.374163097111996,43.437961645884,22.399999618530273,20.5,12.911676644800634,23.695909511692015,26.98527155908625,0.2018243968486786
200108171,0.01066031310578,0.0001466139873,0.01076577222241,0.00025312241851,0.0087,0.0005,45.6445071666,44.856644504904004,27.5,25.10000038146973,12.63049702156971,-7.502625635028383,14.690765574073614,0.6900745630264282
200108171,0.00773424226832,0.00014560128308,0.00808887156097,0.00024851670525,0.0062,0.0004000000059604645,46.77976804068,45.205296767784006,31.0,29.899999618530273,9.853092603736838,9.58452549793281,13.745774308204831,0.6519066095352173
200108171,0.00954868184825,0.00016460996575,0.010496249809079998,0.0002767279526,0.0083,0.0005,49.464900862776005,45.093572065368,33.09999847412109,25.79999923706055,9.24390623430612,-13.089123731971565,16.024186394993407,0.6656128764152527
200108171,0.00820155344808,0.00018393245515999998,0.0080808566093,0.00032016922727,0.0068,0.0005,44.98984139140801,44.471196161784,37.099998474121094,28.79999923706055,4.493317938225179,-17.604382349652923,18.168764611877336,0.5900804996490479
200108171,0.014631598192399998,0.00020766354229,0.014983821677649998,0.00035689327685000006,0.013000000000000001,0.0006000000238418579,46.2573630351,44.968858199964,21.0,20.700000762939453,3.7818064189942096,-19.50129857873545,19.864605524307198,0.5205406546592712
200108171,0.012208012839610002,0.00012607934162000003,0.012117507305,0.00021892129104,0.01,0.0005,44.97536020932,44.613454013316,27.0,23.399999618530273,2.543453283144686,11.122643981447736,11.40974763823804,0.7456932663917542
200108171,0.09217966211829999,0.00024826230683,0.09320565504567,0.00042843779514,0.0788,0.002400000095367432,45.602200227888005,44.926205671188,16.799999237060547,15.899999618530273,0.2985857132459242,-3.7184824585492633,3.730451070302665,0.991184651851654
200108171,0.009915641068889999,0.00035314304177999997,0.00942346607237,0.00062222134208,0.0093,0.0005,44.14525771028401,43.808265863748,40.0,24.79999923706055,0.042451558962113584,-30.87021761566195,30.870246803755112,0.1507880538702011
200108171,0.0080276575013,0.00017719776019,0.00832711007735,0.00030332667233999995,0.0063,0.0004000000059604645,46.912059297720006,44.646477492492,30.70000076293945,29.5,-4.426338724335556,18.656411624972908,19.174305121165162,0.4790739119052887
200108171,0.00608814388532,0.00011149804141,0.00627974645438,0.00019114761181,0.0054,0.0004000000059604645,45.849580893036006,45.552169760652,35.29999923706055,32.700000762939446,-5.470991632584023,0.5652306907006028,5.500112263200263,0.931890606880188
200108171,0.5853087365756701,0.00086134449115,0.59658751744397,0.00148259122022,0.4044,0.012100000381469729,46.098275242572,44.955889394796,17.600000381469727,16.700000762939453,-11.96853490417793,-25.51193396103436,28.17981498363952,0.20068098604679108
200108171,0.0029666244027299997,0.00030548247745,0.0050345325693,0.00046133465201,0.0071,0.001,77.121300241764,44.3648916198,47.9000015258789,31.79999923706055,-14.647409391859668,28.465393496481234,32.01281501977597,0.13833165168762207
200108171,0.18001877889766,0.00028401467786000003,0.18178997845767003,0.00049034698172,0.16490000000000002,0.005,45.516218462459996,44.906024511108,16.600000381469727,15.0,-19.230180925474826,3.154322962792371,19.487162646234502,0.4634701311588288
200108171,0.30942685336533005,0.00089528253863,0.31682338431982,0.0015386731175,0.30460000000000004,0.010699999809265138,46.157671352664,45.063652492764,17.600000381469727,18.0,-22.782246591578573,-20.04438737942835,30.344725132281827,0.13796402513980865
200108171,0.04962084583075,0.00039328177697000005,0.06327484652179,0.00063419867515,0.0531,0.002,56.921322999276,45.315289818828,30.60000038146973,20.399999618530273,-24.53866091238836,7.168788886482128,25.56436075182964,0.26380765438079834
200108171,0.0075704637121200005,0.00037211278129000005,0.00715338773135,0.00065726023933,0.0077,0.0005,44.839722126275994,42.623057139372,30.5,26.79999923706055,-22.87334476410352,7.635604200929782,24.114134690135764,0.3052738904953003
200108171,0.01083752829295,0.0007277451737699999,0.01050875013208,0.00127493016042,0.0131,0.0006000000238418579,46.201596798851995,42.618318439608004,30.20000076293945,20.700000762939453,-26.201079516356806,-17.396844078705435,31.45061035206733,0.11777583509683608
200108171,0.03847139223199,0.00035207070978,0.04006262733834,0.00060173968583,0.0377,0.0015,46.56972463020001,45.325210388868,16.399999618530273,15.899999618530273,-27.636480413313368,-5.853671507521723,28.249597901310548,0.1979757398366928
200112007,0.01253385813596,0.00024025086323,0.01309802736798,0.00041016070913999994,0.0134,0.0006000000238418579,46.878508189404,45.323122940604,27.0,20.299999237060547,21.29941656919395,-10.41577202393582,23.709746199546768,0.3337410688400269
200112007,0.00573186515279,0.0002238943739,0.0055801247193400004,0.0003913565763,0.004200000000000001,0.0004000000059604645,45.054651865536,43.851413620151995,40.0,37.5,21.056890551459727,-5.609599283311231,21.791279225406264,0.3866013884544373
200112007,0.026182697987389997,0.00018204436311000002,0.02657932049693,0.00031375502924,0.019600000000000003,0.000699999988079071,45.934950755951995,44.81279018622,24.60000038146973,17.600000381469727,17.37466012005424,-3.5294931086278085,17.729524241278945,0.5392095446586609
200112007,0.012709869074799998,0.00019172051701,0.01372629767272,0.0003240443646,0.0103,0.0005,48.668884955892,44.907345151884,24.60000038146973,22.70000076293945,17.47569478030529,1.682373428906883,17.556487804456143,0.5172238945960999
200112007,0.02862367478669,0.00016166542812,0.0294378573206,0.00027745409961,0.025,0.0008000000119209289,46.25616840879599,44.980775488872005,24.20000076293945,16.5,14.867224416344008,2.545273783582667,15.083525452976096,0.6138390898704529
200112007,0.0696794715409,0.00033909650781999997,0.0689731844101,0.00058939873629,0.0595,0.0017999999523162845,44.983875126023996,44.19478986624001,17.200000762939453,15.600000381469727,13.516898518468453,21.81519421603895,25.663335554161574,0.2292564660310745
200112007,0.0065683717409700006,0.00014113840528,0.00737557472492,0.00023575896606999999,0.0063,0.0005,50.400964227744,45.153810259452,43.29999923706055,33.799999237060554,13.25902892854101,-2.190384670298918,13.438735407087274,0.7080139517784119
200112007,0.01023209758313,0.00036844690802,0.01099430689562,0.0006238551079,0.0078,0.0004000000059604645,48.13293635701199,44.793512722188005,26.79999923706055,25.899999618530273,11.646217040229153,24.251436615661774,26.902867863813896,0.20862352848052976
200112007,0.01099028357192,0.00016862989254,0.01109102346968,0.00029123908429000005,0.0097,0.0005,45.991973085372,44.71420530250801,36.099998474121094,34.299999237060554,9.635067182809363,-16.430190161381187,19.046914750362106,0.551245391368866
200112007,0.06702184731071,0.000320227347,0.07350088954969,0.0005384986292,0.0593,0.002200000047683716,48.838466556864006,45.915639617231996,18.399999618530273,18.399999618530273,8.044622624817741,-25.29773581321527,26.54600200175941,0.27603718638420105
200112007,0.01912817840422,0.00032394837037000003,0.02209342944787,0.00053542060781,0.0179,0.001,48.74635416744,48.447389176091995,24.70000076293945,21.399999618530273,6.872852118219927,-25.16200402248885,26.0837439633064,0.29149454832077026
200112007,0.01282038544652,0.00010528048966,0.01300255326722,0.0001815207851,0.0122,0.0005,45.924531605892,44.602287846155996,25.0,21.0,2.0345817714869296,6.9837114833149005,7.27404587369177,0.8739256262779236
200112007,0.023390920724499997,0.00031466404784,0.02377820396396,0.0005423579107999999,0.0209,0.000699999988079071,46.20448314882,44.034869196432,23.5,17.299999237060547,1.9210054720910383,31.006855233218275,31.066303825963804,0.15852713584899902
200112007,0.00791715831439,0.00012769855951000003,0.00817009812564,0.00021889271574000003,0.0062,0.0004000000059604645,46.079306593272,45.55295308962,32.59999847412109,30.20000076293945,-2.7697574902383955,-11.66956318325784,11.993758042272955,0.8067202568054199
200112007,0.042297208997280004,0.00012390168818,0.04263273049284,0.00021404105784,0.038200000000000005,0.0012000000476837158,45.17728361136,44.972041898591996,19.600000381469727,16.5,-3.4601067054405656,12.135600665562285,12.619235008326584,0.7088496685028076
200112007,0.008972503781739999,0.00019401995344,0.00915177267783,0.00033398270448,0.0086,0.0005,46.233593882748,44.33977814922,39.099998474121094,25.20000076293945,-3.4491844478244085,19.874915549284914,20.171985745029033,0.444188117980957
200112007,0.06052740435574,0.00014274263492,0.061860328904419996,0.00024546867824,0.0545,0.002,45.90826775215201,45.23556320301601,14.800000190734865,14.800000190734865,-4.955587026642848,-8.95652274699356,10.236067942875401,0.8491814136505127
200112007,0.025648123654729998,0.00025449733496,0.02751545866622,0.00043113852675000003,0.0247,0.0011000000238418578,48.990409762284,44.765938094364,21.799999237060547,20.299999237060547,-5.3612822630427655,-24.68665186617462,25.26209876057684,0.30564412474632263
200112007,0.00819419690742,0.00014213966143000002,0.00848363534416,0.00024339719685,0.0077,0.0005,46.288265129424,45.467084132855994,36.400001525878906,26.399999618530273,-10.45943605634861,-10.033362383394069,14.493717697853446,0.6861696839332581
200112007,0.01186003415022,0.00011421845555,0.01213515402181,0.00019635220543,0.0099,0.0005,46.156436602236006,44.818042134420004,24.5,23.10000038146973,-12.155444688925504,4.263603868708685,12.8815013789964,0.7048357129096985
200112007,0.01160266278191,0.00022887919547000002,0.0116947002671,0.00039543476523999996,0.0097,0.0005,46.154480188968,44.55506329092,30.899999618530273,28.60000038146973,-12.849213986243782,-19.547542011771675,23.392454325742744,0.3502655327320099
200112007,0.00636422267591,0.00030798577402999997,0.008565888030569999,0.00049821099914,0.0079,0.0008999999761581422,66.68254297324799,41.24847985218,36.0,28.20000076293945,-21.06241711407024,-23.648544306923398,31.668155373647327,0.11194057017564774
200112007,0.01025280409725,0.00030320215281,0.0095566384533,0.0005384765902999999,0.0099,0.0005,45.184000114908,41.419400733756,24.60000038146973,23.10000038146973,-22.072362572127062,22.76886965515288,31.71125180517071,0.1251569539308548
200112007,0.029087718145169996,0.00031166136701,0.03076553949673,0.00053011689502,0.0216,0.000699999988079071,47.365326582011996,45.588852858024,19.799999237060547,17.0,-24.123229932418074,-21.20092921894512,32.11545180336319,0.10362870246171953
200112007,0.009181186279100001,0.00026266858295,0.009677133667200001,0.00044751866885,0.0078,0.0004000000059604645,47.93843985264,44.699715300024,26.79999923706055,25.899999618530273,-25.516256072814546,-10.1804950629179,27.472165921372248,0.21485185623168945
191003042,0.0065158795737800005,0.00027936764807,0.007092392623779999,0.00047349786295,0.0055,0.0004000000059604645,52.030014170040005,42.418380725784004,43.79999923706055,32.900001525878906,23.02942514200425,-7.302132352548237,24.15936178051232,0.3051072955131531
191003042,0.00487908047421,0.00020090517824000002,0.00486776667487,0.00034839038777,0.0055,0.0005,46.108852147259995,43.766373313368,47.20000076293945,33.299999237060554,16.236242977563347,6.635900121014692,17.539966619825538,0.5016799569129944
191003042,0.01504871209655,0.00024303446405000002,0.01521961356283,0.0004195997601000001,0.0155,0.0008999999761581422,46.577863910880005,43.864936088255995,23.79999923706055,26.79999923706055,15.743215834469915,13.892733439317125,20.99656014614315,0.3626719415187836
191003042,0.040782492405589996,0.00024710173549,0.04074111263086,0.00042821846280999997,0.0373,0.0012000000476837158,45.82018482372,44.30388090931201,18.799999237060547,15.899999618530273,10.508329685164274,-19.9615116803604,22.558495080463967,0.4136976897716522
191003042,0.10379672344871001,0.0005699601665,0.11515573146156,0.0009549359707,0.1059,0.0037000000476837156,49.207433462172006,45.889479530892,21.0,16.0,8.595499339346226,-29.177603884680508,30.41732077711337,0.16177226603031158
191003042,0.09231370701126,0.0005676743704400001,0.10058096040732,0.0009567959014099999,0.0919,0.003299999952316284,48.885828198912,45.357831899244005,20.600000381469727,18.200000762939453,7.612639391920768,-28.447740604010146,29.448682503114885,0.18717297911643985
191003042,0.01874830426063,0.00010463396945999999,0.01899307063179,0.00018047446752,0.0199,0.000699999988079071,45.977988449412,44.652029506884006,25.20000076293945,17.799999237060547,7.611112444201203,-4.410203448190575,8.796527457660838,0.8858274817466736
191003042,0.01160196101303,0.00029891671817,0.01184373222601,0.00051470609865,0.011000000000000001,0.0005,47.16660734118,43.627585967604,22.899999618530273,22.299999237060547,8.426840678711393,26.769061921187486,28.064085317549587,0.19761013984680176
191003042,0.01349618879223,0.00016866550309000002,0.01396696882422,0.00028885528097,0.0118,0.0005,46.17623056543199,45.257710378968,24.60000038146973,21.700000762939453,6.26156336991562,16.16583467114393,17.336121176696075,0.5257998108863831
191003042,0.00924612872449,0.00012297093319,0.00930120945144,0.00021258936948,0.0089,0.0005,45.566529973632,44.608929074820004,31.5,24.899999618530273,-1.9433954497610628,12.532222024967284,12.682009226723235,0.7054002285003662
191003042,0.00476545239697,0.0002688591657,0.00536974816399,0.00044798714268000004,0.0038,0.0004000000059604645,48.833971628076,46.915901550648,42.400001525878906,40.29999923706055,-4.672208442361767,-23.326150857116016,23.78946217390851,0.3552010655403137
191003042,0.00714093231332,0.00011408039769,0.008316948782520001,0.00018841849355999998,0.006999999999999999,0.0005,51.510637773359996,45.72520659594,33.900001525878906,28.20000076293945,-5.428080837270342,7.771476501563853,9.479443992065343,0.8139799237251282
191003042,0.0084136291446,0.00027435424826,0.008552566229540001,0.00047262337738,0.0062,0.0005,45.604223976275996,45.32388685614,41.400001525878906,30.60000038146973,-7.2595105172681125,-23.68392618107357,24.771516274038138,0.3157834112644196
191003042,0.030794456067610002,0.00030317830204000003,0.03322071680813,0.00051224886543,0.0272,0.0008999999761581422,47.548208973348,46.121292132912,23.0,16.299999237060547,-14.124666120864962,-22.021640119185356,26.16211187309148,0.25477242469787603
191003042,0.019233379444490002,0.00016700616503,0.01952374203982,0.00028782960720999997,0.0166,0.0006000000238418579,45.541952027172,45.18983797056,23.10000038146973,18.799999237060547,-15.85202445376444,-6.826736044840564,17.259509668420367,0.5605208277702332
191003042,0.00654398848091,0.00016796494309000002,0.00682301785255,0.00028709933292,0.006,0.0005,47.462926410216,44.54685942418801,49.70000076293945,31.5,-15.991634351332385,-8.060397726115538,17.90815211292023,0.5377944707870483
191003042,0.0191773171123,0.00016262884699,0.01947607112006,0.00028024246618000003,0.0158,0.0006000000238418579,45.598261077576,45.125848805904,25.79999923706055,19.399999618530273,-16.10708041804297,-3.0412470716937463,16.391679464384247,0.5873095393180847
191003042,0.09125217180044001,0.00045501179506,0.10126567405907001,0.0007629947189899999,0.0823,0.002900000095367432,50.071114750608,45.041992127027996,20.700000762939453,17.299999237060547,-22.05945797766711,-20.47517391643442,30.097286905431503,0.14384154975414276
191003042,0.08580339263828998,0.00044788942538999995,0.08792793029003,0.00076949830447,0.07890000000000001,0.002900000095367432,45.664235868636,45.600026028948,15.5,17.299999237060547,-20.93484886506752,-19.645435174645453,28.70899248235937,0.17570748925209045
191003042,0.01645682957208,0.00026932566297,0.01660480472828,0.00046512627697000005,0.017,0.001,45.765016970724,44.713471706172,21.700000762939453,26.20000076293945,-21.493028895501094,-8.642142307895716,23.165403981884822,0.342232882976532
191003042,0.30077222020174,0.00033248578070999994,0.31042980184689,0.00056991223388,0.3375,0.011699999809265137,46.071224550396,45.317081368260006,21.899999618530273,17.0,-23.681680135628906,6.29408602113728,24.50381329999383,0.29479119181633
191003042,0.23277245143386,0.00038970620726,0.25265484081444,0.00065756910863,0.2215,0.0076999998092651374,48.613066683839996,45.238024705536006,19.5,19.100000381469727,-33.170351588338505,-2.772617432404057,33.28602399433842,0.104319266974926
191003042,0.0065768098368800005,0.00037720849675,0.00767061047678,0.00062388659263,0.0056,0.0004000000059604645,52.81482177342,44.689568477544,36.5,32.5,-33.08650969681764,4.061233108285506,33.33482006856388,0.10372409969568253
190919049,0.00639102993302,0.00017922408694,0.0063449038816899995,0.00031132402174,0.0051,0.0004000000059604645,46.344626365032,43.781338009152,42.29999923706055,33.400001525878906,17.70073159992679,-21.85314880340356,28.122442843672705,0.21488113701343536
190919049,0.00939294678821,0.0002221905272,0.00934039185777,0.00038559467691000007,0.009000000000000001,0.0005,44.796208144968006,44.434943174160004,38.0,27.29999923706055,14.329262610458255,28.057899342522965,31.505061867035035,0.10904937982559204
190919049,0.00926296921614,9.588837068e-05,0.00949075027792,0.00016476110641999999,0.008199999999999999,0.0005,46.1386761543,45.122268411504,30.70000076293945,25.399999618530273,11.465700206539891,-8.120000223820412,14.049784353516474,0.721960186958313
190919049,0.00795443062583,9.545647054e-05,0.00800493256116,0.00016501771037000002,0.0075,0.0005,46.006830328644,44.42359193064,35.599998474121094,26.5,10.428643782081416,-6.929545939785725,12.520985215518625,0.7742288708686829
190919049,0.0073840068464,9.417531714000001e-05,0.00828932522803,0.00015713793597999998,0.006999999999999999,0.0004000000059604645,49.035017247192,46.16503456788,31.899999618530273,28.10000038146973,6.039350904207553,10.189695876932797,11.844980143209552,0.7241461873054504
190919049,0.011803004012889999,8.220144581000001e-05,0.01173534764287,0.00014265756549000001,0.0106,0.0005,45.116620011576,44.484849735804005,23.399999618530273,22.200000762939453,3.681874592624622,7.65666084664341,8.495918633136036,0.8368439674377441
190919049,0.006613017714109999,0.00013416902367,0.007255461307109999,0.00022585639222999997,0.0062,0.0004000000059604645,50.2995150693,44.56777159087201,31.70000076293945,29.5,-0.9257241853202663,-21.363469655475136,21.383516781766353,0.4560677111148834
190919049,0.0041039408980399995,8.726401390999999e-05,0.0042297570224,0.00014964154680000003,0.0032,0.0004000000059604645,46.124312136012,45.519704271395995,46.70000076293945,44.099998474121094,-1.4718073758557702,-14.244564315475767,14.320398635929008,0.7289770245552063
190919049,0.00410208989657,0.00021483248681,0.00388579218544,0.00037942274017,0.004900000000000001,0.0004000000059604645,45.662442396803996,41.447583681228,37.5,34.09999847412109,-1.6988748082468017,32.67294981953636,32.71708634064757,0.13673685491085052
190919049,0.00717886594882,0.00017314143191999998,0.0102621837436,0.00026961295113999995,0.0093,0.0008999999761581422,59.942083448196,47.895274634904005,42.29999923706055,31.70000076293945,-7.1426759571444025,19.97625678300583,21.214808051552264,0.4080950915813446
190919049,0.01048036308717,7.156822690000001e-05,0.01067231557241,0.00012322538968000002,0.0096,0.0005,46.078207144164,44.83279081836,32.5,23.5,-8.491527686070468,-4.324758723395192,9.529404095749562,0.8447962999343872
190919049,0.006205573331959999,7.221967720000001e-05,0.006575813321259999,0.00012276087147,0.0071,0.0008999999761581422,47.50068688307999,45.276172558272,47.9000015258789,31.70000076293945,-8.36104078179981,-5.369424532270251,9.936682842664927,0.8361863493919373
190919049,0.01750404961678,0.00016798805029,0.01817543066293,0.0002873596777,0.0175,0.0008999999761581422,45.75728192705999,45.566324030016006,22.70000076293945,18.600000381469727,-10.833085701154804,20.45609504827299,23.147487667767052,0.34475964307785034
190919049,0.014195516961690002,0.00017041786950000001,0.015738309458559998,0.00028541532715,0.0135,0.0006000000238418579,48.224530851156,46.531069845228004,26.79999923706055,23.20000076293945,-18.64723872619588,1.3299517755860586,18.69460527772093,0.4943430423736572
190919049,0.018450695376659998,0.00021952852188000002,0.019654727875759996,0.00037249774238,0.0172,0.0006000000238418579,47.65308721700401,45.182946215016,25.0,20.299999237060547,-22.74702559954135,4.56220790192537,23.200013163914896,0.3351563215255737
190919049,0.007599622956310001,0.00023256628593999997,0.00831862922776,0.00039108037426999995,0.0075,0.0005,47.54251461276,46.549888812503994,48.9000015258789,39.20000076293945,-24.951957521928414,3.9450870791762753,25.2619006198808,0.2742728888988495
190919049,0.0060044231585000005,0.00021502562094,0.00628865592774,0.00036700787277999994,0.0043,0.0004000000059604645,47.119350633551996,44.705129933916,40.5,36.79999923706055,-26.577393542851702,16.582613047073487,31.326273708660327,0.12846750020980835
190919049,0.00753189013476,0.00021540614943,0.007918944841069999,0.00036777271641999997,0.0066,0.0004000000059604645,48.958668028404006,43.279524910872,42.70000076293945,29.0,-28.153196283785423,11.779763581006925,30.51822715812036,0.14502134919166565
190919049,0.18503834668899,0.00021041928456,0.19670957400007003,0.00035722261286000003,0.162,0.004900000095367432,47.224409938344,45.827867062440006,19.399999618530273,17.0,-29.512874249276983,-12.416200231540895,32.018244600642966,0.11569896340370177
200406054,0.031763176392299995,0.00030305231582999995,0.03297411674605,0.0005185058563500001,0.024,0.0008000000119209289,46.535970531564,45.305978057208,18.700000762939453,17.299999237060547,27.245899997227212,-13.74976127335254,30.518699894924325,0.13643613457679749
200406054,0.00639553587862,0.00024889875248,0.006300969282090001,0.00043366899253,0.005,0.0004000000059604645,46.414529661348,42.883842092148,36.0,33.400001525878906,19.438453675897303,11.269227204061472,22.468814157215082,0.3065560758113861
200406054,0.007199456435239999,0.00027153196819,0.007733293502560001,0.00045983359812,0.005900000000000001,0.0004000000059604645,48.562871174676,44.613738408959996,36.599998474121094,30.60000038146973,13.7955457496566,19.185647814530753,23.630577409423946,0.28591206669807434
200406054,0.00555592498476,0.00014735349083,0.00580984108458,0.00025154165973,0.0052,0.0004000000059604645,46.842128608643996,45.126602570988,36.099998474121094,33.0,10.731256862388065,8.491270735351321,13.68434574074964,0.6542125344276428
200406054,0.061416386046089996,0.00033187415491,0.06681832951361,0.0005595773808400001,0.0483,0.0017999999523162845,48.990797267652,45.261216307224,20.100000381469727,20.200000762939453,10.693960051019923,-30.64395187722713,32.45627118478062,0.11359389871358873
200406054,0.16561481717575,0.00034721674798,0.16665027114727,0.00060020849432,0.1674,0.005,45.8366480325,44.627372739036,17.799999237060547,16.200000762939453,8.988283762354394,-18.453942330776886,20.526481835336085,0.4933095276355744
200406054,0.02943652916004,0.00013732626171,0.02973872154579,0.00023705553458000002,0.0246,0.0008000000119209289,45.603312253272,44.961925214736006,23.399999618530273,20.799999237060547,8.759140212376654,-10.776216311113266,13.88701277982918,0.7431138753890991
200406054,0.03575377995875,0.00023425076576,0.0364125212094,0.00040339667730000003,0.0289,0.001,46.55019764620801,44.498427504012,21.399999618530273,18.600000381469727,6.956254020836872,-20.97264274141052,22.096167387857328,0.4351523518562317
200406054,0.237448691422,0.00041974745109,0.2554193628503,0.00071041428891,0.2485,0.008800000190734862,48.356267127083996,44.771539323672,14.0,16.799999237060547,5.442895433798015,29.723021132434788,30.21725265032953,0.16510464251041412
200406054,0.22211743786137,0.00022518294900999997,0.23666926442781,0.00038216690837,0.2229,0.007900000095367432,47.797915155516,45.001588952844,16.200000762939453,16.100000381469727,2.3374929103888,14.994811173643534,15.175908558912628,0.6116733551025391
200406054,0.0093592340729,0.000107087908,0.009949220097020001,0.00018191703719000002,0.0086,0.0005,48.028068850464,44.773353664560005,35.09999847412109,26.20000076293945,-0.005107482023662518,5.086777452616364,5.0867800167492785,0.9264439344406128
200406054,0.00846739776535,9.934258406e-05,0.009075295147530001,0.00016822664751,0.0073,0.0005,47.605892057244,45.622705970952005,39.29999923706055,27.5,-0.4639770817082943,-3.378338961599224,3.410051143679665,0.9924727082252502
200406054,0.023845126733070002,0.00014457332290999998,0.02676590382811,0.00024136252676,0.0237,0.0011000000238418578,49.560261304752,45.73007761932,17.799999237060547,16.899999618530273,-5.964417986648742,14.145381819012625,15.351413874817796,0.6131354570388794
200406054,0.02079874136531,0.00011705967421,0.021859882536959998,0.00019946661613,0.0201,0.000699999988079071,46.71840861075599,45.487533598272,25.10000038146973,17.5,-6.162412259468423,7.280281061136253,9.538226271874947,0.8122257590293884
200406054,0.02558864646705,0.00024927762179,0.02737995429575,0.0004224822269800001,0.0207,0.000699999988079071,48.17179626991201,45.214648949448005,22.100000381469727,18.600000381469727,-6.9204316669624975,-24.752139635001637,25.70136111882256,0.2855255901813507
200406054,0.00396982379745,0.00025177601472,0.0044546916709100005,0.00042028718039,0.0036,0.0004000000059604645,49.463958108671996,46.165289041331995,43.70000076293945,41.20000076293945,-7.677704812096686,-23.381991429900175,24.610237004574426,0.32060372829437256
200406054,0.0072408015904900005,0.00014599154758,0.008610480240000001,0.0002397936343,0.0064,0.0004000000059604645,52.974455725115995,45.411799968683994,30.70000076293945,29.10000038146973,-15.785253220285131,4.823315518022581,16.505708961198632,0.5722120404243469
200406054,0.047175532112480004,0.00033558024973,0.06345453797794,0.00053503364492,0.0377,0.0015,61.445945579544,44.504310543984005,35.70000076293945,15.699999809265135,-15.815870514432524,-18.90315165791592,24.646873668858646,0.2990853488445282
200406054,0.0083197610645,0.00017795686421999998,0.00871550279699,0.00030356554739999995,0.0085,0.0005,46.6359754194,45.415315826244004,35.0,25.399999618530273,-18.321902499525113,7.680093504277573,19.86643875883382,0.4470838010311127
200607001,0.01399335240669,0.00022980796789,0.01451176074757,0.00039339357974,0.0101,0.0005,46.965692738988,44.912017302083996,33.5,26.0,26.369682941349158,-10.351021658280855,28.32846141948428,0.1853131353855133
200607001,0.009905602427920001,0.00014906321101,0.010438529060360002,0.00025396740231,0.0079,0.0004000000059604645,47.891151674316,44.356198154435994,27.29999923706055,25.70000076293945,14.997922238850947,11.04302268671682,18.62485564633115,0.4528482854366303
200607001,0.01606092137513,0.00010936747893000001,0.01595865915729,0.00018983498229000002,0.016800000000000002,0.0006000000238418579,44.75166392008799,44.683746240888006,23.0,18.5,4.438496686215811,15.004375320174212,15.647089393475527,0.5905517935752869
200607001,0.0049217739658599996,8.01978721e-05,0.00494275908683,0.00013872702345,0.0035,0.0004000000059604645,45.80304050973601,44.489551121892006,45.70000076293945,41.79999923706055,1.0924446756983246,-4.8584548966893335,4.97976089366429,0.97909814119339
200607001,0.00558055493196,8.192596380999999e-05,0.005637921410930001,0.00014145233447,0.005900000000000001,0.0004000000059604645,46.115995695048,44.391253615164004,36.400001525878906,30.5,-4.028223831465007,-1.5562017213104735,4.318373527777332,0.9643166661262512
200607001,0.03564124692457,0.00019683951059,0.03588469968731,0.00034016596158,0.0324,0.001,45.42077379726,45.198328668624,16.100000381469727,15.5,-6.899855962903148,-16.419427794059978,17.810257139555077,0.5778451561927795
200607001,0.00639936882244,0.00019199951181,0.007678916609180001,0.00031409575449,0.0072,0.0005,52.671032422704,46.490809031496,49.0,39.79999923706055,-7.0921795468663085,-18.416247445683595,19.734657320082015,0.5019934177398682
200607001,0.025169100411759997,0.00025339748786,0.026332580345840004,0.00043245325779,0.0269,0.0008999999761581422,46.76445957906,44.752279917528,18.5,16.0,-7.354844498841269,29.722681479119462,30.619114683735393,0.17178255319595334
200607001,0.01300249087579,0.00024084068933000001,0.01607810087819,0.00039209378557,0.0165,0.001,56.024477029152,45.135356484743994,36.70000076293945,19.799999237060547,-11.338180095898695,-23.359800226788252,25.96598960032984,0.26798364520072937
200607001,0.00499073675897,0.00022246530473,0.005346885280310001,0.00037667039686000006,0.0053,0.0004000000059604645,46.772220606372,46.758436139016,49.5,36.5,-13.386070063418035,-19.08304819306195,23.309821097323667,0.3518736660480499
200607001,0.00816865908557,0.00011370418164,0.00826753817804,0.00019617511848,0.0062,0.0004000000059604645,45.631187535312,44.753506408620005,39.099998474121094,29.5,-14.14195297535024,8.701361528568912,16.60446022346045,0.5631222128868103
200607001,0.0057255829787,0.00018160861641,0.00557967574225,0.00031747268387,0.0062,0.0004000000059604645,45.971635236624,43.155115758144,37.900001525878906,29.899999618530273,-17.190083341848403,-12.621826145750465,21.326231095856105,0.41307875514030457
200607001,0.00531044413022,0.00024506005667,0.00640563572028,0.00040014583654,0.0054,0.0004000000059604645,51.75468549774,46.937813090508,35.09999847412109,31.79999923706055,-28.921314107198114,13.37922150601826,31.86599684139812,0.12068326771259308
191221082,0.00288947366753,0.00025873129785000004,0.00273631401624,0.00045769692838000005,0.0046,0.0004000000059604645,46.664702609040006,41.008304932092,46.9000015258789,37.79999923706055,25.138867508249785,13.64796597583298,28.604655472584287,0.12642960250377655
191221082,0.009429066967459999,0.00023470435886000003,0.0089044878739,0.00041449163969,0.0073,0.0005,44.403218884692,43.006459141331995,28.70000076293945,27.5,24.115773773406797,9.295077305421646,25.845068960473434,0.2006916105747223
191221082,0.0243156329446,0.00021982548132,0.02443000816253,0.00038024163335000007,0.0216,0.0008000000119209289,46.014978191472,44.183403572364,25.60000038146973,17.299999237060547,21.21070315392503,4.608716895257008,21.705619783307657,0.3453991115093231
191221082,0.05204403722596,0.00016259735146000002,0.05298069279309,0.0002799626234,0.0502,0.0018999999761581423,45.492747374124,45.341985113928004,24.60000038146973,18.100000381469727,20.11236915036903,-3.838104058203751,20.475308728603874,0.4288493692874909
191221082,0.19970080354869,0.00031080370119,0.20372016872798,0.0005348123677,0.1799,0.005400000095367431,45.928996323696005,45.083319862931994,18.5,17.0,19.576125302481877,-14.831850912776352,24.560254590499145,0.3173391819000244
191221082,0.01004510735454,0.00019407366599,0.0101824539815,0.00033465850549,0.0107,0.0005,45.734780065319995,44.801473593851995,27.399999618530273,26.10000038146973,17.393070095280887,11.677148457692615,20.949308340954765,0.3628889322280884
191221082,0.10765063156978,0.00021035074774,0.10894133071832002,0.00036292704052999996,0.1218,0.004199999809265137,45.823398634188,44.689508294616004,26.20000076293945,18.200000762939453,15.935955218639648,4.6108675521049065,16.58959360653355,0.544511616230011
191221082,0.00498191772646,7.844952521e-05,0.0051414825078,0.00013447221025,0.0051,0.0004000000059604645,46.121632024356,45.28698496761599,35.09999847412109,33.59999847412109,3.25675159349296,3.5178380675221077,4.793914048968067,0.937682032585144
191221082,0.00836668608548,0.00018578303487,0.00851971006577,0.00031994658704,0.0076,0.0005,46.529629311060006,44.475801535764006,29.10000038146973,27.10000038146973,0.987116955838904,-22.693217091694212,22.71467560195041,0.407855361700058
191221082,0.005612995388569999,7.758671964e-05,0.0058523704981999995,0.00013255344005999999,0.0043,0.0004000000059604645,46.589055400656,45.35796697596,40.599998474121094,37.900001525878906,-2.0449011994292157,-5.504812255989164,5.872356879062152,0.9597795009613036
191221082,0.07750718299144,0.00029285854115,0.07913693032382,0.00050387614184,0.0668,0.002,46.489969040688,44.632871331912,16.0,15.5,-6.662917100393674,-22.588161320183787,23.55034728465837,0.3591519594192505
191221082,0.013946872706469998,0.0001341869425,0.01420513332071,0.00023102312858000001,0.0133,0.0006000000238418579,45.9899027541,44.958203078832,25.399999618530273,22.299999237060547,-9.103434068907033,-15.716303825448884,18.16243762344399,0.5543289184570312
191221082,0.006853719922880001,0.00013429183078,0.00703651927303,0.00023082109194,0.0064,0.0005,47.51378869312801,43.853489391888,47.099998474121094,30.399999618530273,-9.690814530469572,-14.104112681313362,17.112491165000357,0.5912950038909912
191221082,0.014647309245229998,0.00010233589994,0.015148039143149999,0.00017529799822999997,0.0117,0.0005,46.269088013772,45.266898998772,28.0,23.29999923706055,-13.395124364364483,-0.6579508695596729,13.411273388188565,0.6967382431030273
191221082,0.016839155296159997,0.00013296250049,0.01967915281434,0.00021935202027,0.0157,0.0006000000238418579,51.690908323656,45.858528380340005,24.70000076293945,19.5,-13.520529340091574,-10.524246349792126,17.133706656236306,0.575611412525177
191221082,0.02803459998526,0.00017313136077999998,0.033712351862249995,0.00028377660647000005,0.0283,0.0012000000476837158,54.06219418345199,44.964380559564006,28.10000038146973,17.700000762939453,-18.6885706812511,11.310710643633684,21.844761136268307,0.3760876357555389
191221082,0.00343667225263,0.00028354160516,0.00477377277182,0.00044317200069,0.0034,0.0004000000059604645,55.047365245908004,50.918493656412004,48.099998474121094,43.70000076293945,-18.693700523155325,22.932516624170127,29.58630721160163,0.17069004476070404
191221082,0.00818696270905,0.00018067011488,0.00808689567517,0.00031422620718,0.0074,0.0005,45.0713823831,44.405021797596,44.29999923706055,35.79999923706055,-21.07843140710249,-3.5171384046755647,21.369847405201426,0.4011104106903076
191221082,0.033984686608330004,0.00023931944727000003,0.0355104815456,0.00040856705418,0.0315,0.001,46.658038605335996,45.421668027504005,21.299999237060547,20.299999237060547,-25.563124561003104,-9.94137604769633,27.42813288286705,0.21461313962936399
191221082,0.01458647100179,0.00025267551891,0.01363787254917,0.00044777983975999996,0.0162,0.0008999999761581422,44.156011088772004,42.825377413872,24.10000038146973,19.600000381469727,-30.877349562552986,8.089142350999051,31.919322993518033,0.12345166504383087
191221082,0.007710666753189999,0.00026846297252999996,0.007643283941219999,0.00046690676938,0.0065,0.0004000000059604645,46.63175030388,43.017225190523995,30.899999618530273,29.399999618530273,-31.930594034997874,4.583294849502961,32.25784901404994,0.12074515968561172
200104010,0.00530051663832,0.00019971829515999997,0.0053666887454799994,0.00034450022404,0.004200000000000001,0.0004000000059604645,45.400586300316,45.15328645686,42.099998474121094,38.70000076293945,19.473033984019466,0.9511535198572666,19.496249277361308,0.4432381391525269
200104010,0.0183452154014,0.00018493507796999998,0.0183015267622,0.00032058544597000005,0.0173,0.000699999988079071,45.359916328188,44.494990996644,23.10000038146973,19.100000381469727,18.07137915607779,5.498254807124511,18.88928987722744,0.44972801208496094
200104010,0.01108860596074,0.00017387822904,0.011130826766510001,0.00030081691397,0.0094,0.0005,45.721194867288,44.496066694644,24.79999923706055,24.20000076293945,16.643545391747164,-4.750768788863789,17.30829948181664,0.5640076994895935
200104010,0.00437622009316,0.00027092233301999997,0.00373154450695,0.00049701259106,0.0065,0.0004000000059604645,44.162462642544,39.287656929132,34.59999847412109,29.60000038146973,14.484686415792105,-27.54550568624037,31.12164092725818,0.1397000551223755
200104010,0.04050174661851,0.00029588505148,0.041279275592269994,0.0005094006515500001,0.0362,0.0012000000476837158,46.380493566108,44.353268057556,17.600000381469727,15.300000190734865,13.444801415660892,19.115576071380488,23.37019620444576,0.2946341931819916
200104010,0.02505094864054,0.00017775191736,0.026265856699640003,0.000303206105,0.023600000000000003,0.0008000000119209289,47.226239330220004,45.090818016372005,19.299999237060547,16.899999618530273,9.01812023946765,-16.908730013696562,19.16327183723311,0.5457277297973633
200104010,0.00609718778528,0.00017881369718999998,0.0065496437485100005,0.00030250206085,0.0055,0.0004000000059604645,46.986004332144006,46.437662365164,34.700000762939446,32.400001525878906,7.3076229914129875,-17.53118354957793,18.99324320680694,0.5560688972473145
200104010,0.02762180152723,0.00013181487546,0.02774255112737,0.00022797907268,0.0269,0.0008999999761581422,45.19456337574,45.044574920028,22.399999618530273,16.299999237060547,7.669132378165399,-5.417677339127087,9.389716209427213,0.8739253282546997
200104010,0.00816182078391,0.00013269918016,0.00845803033433,0.00022723766795,0.0073,0.0005,46.954206527112,44.647225631208,28.5,27.60000038146973,3.195635678146492,5.8505819411077455,6.666437322724363,0.8910754323005676
200104010,0.00500744621337,0.00017687039458000003,0.00482400029278,0.00031029103958,0.0037,0.0004000000059604645,45.195460674083996,43.311941112456,43.099998474121094,41.099998474121094,1.997159281991978,-19.660240974875236,19.761418899038166,0.5239519476890564
200104010,0.036019236220410006,0.00017951177652999998,0.036376330441,0.00030992767056,0.034,0.0011000000238418578,45.856809107855995,44.747251530156,18.700000762939453,15.5,-1.5487990649505037,-19.32151057175582,19.383485859353584,0.5319129228591919
200104010,0.02075253232568,0.00011014360818,0.03245296577307,0.00016630888061,0.0659,0.002700000047683716,57.678296952743985,54.86949447638401,28.5,22.5,-2.995596559184064,3.5353748257834674,4.6338397405046745,0.9388949275016784
200104010,0.02940149398484,0.00010199764943,0.02913695825657,0.00017726154275999999,0.0659,0.002700000047683716,45.824862733812,43.765149961836,28.5,22.5,-2.9834224611741815,3.606798463106737,4.6807906884838095,0.9378061890602112
200104010,0.0041623844517800004,0.00027437751466,0.0043430665396000006,0.00046892489320000003,0.0052,0.0005,47.61015924582,44.574711933096,49.9000015258789,44.599998474121094,-4.9312777881168035,-25.143844485115928,25.622841030800643,0.2923664450645447
200104010,0.01693438293231,0.00029081160785,0.0172769153216,0.00050062721797,0.0159,0.0006000000238418579,46.707266883744005,44.03087912934,25.10000038146973,19.299999237060547,-8.451470560807303,26.675177813832807,27.981976922516214,0.2245881408452988
200104010,0.0053371063879500006,0.00011414706188,0.00539473678954,0.00019703831399999999,0.006999999999999999,0.0005,45.96659041996801,44.531199171648005,40.599998474121094,28.60000038146973,-8.519836255702492,-0.2096253115059612,8.522414710940092,0.8600443005561829
200104010,0.02739768464197,0.00010848014893000001,0.02877063977146,0.00018494011901,0.0298,0.0012999999523162842,47.234551840811996,45.059332129308004,17.399999618530273,17.5,-9.670471041381221,-5.076239086517624,10.92181969530428,0.7999840974807739
200104010,0.00950863041389,0.00016460113890000001,0.00986955834185,0.00028160673044,0.0101,0.0005,46.093569409728005,45.469426400783995,24.60000038146973,23.399999618530273,-9.929034063994633,16.713256512770414,19.440110184337854,0.4663845598697662
200104010,0.03610238567671,0.00022910800641999998,0.038578992326000004,0.00038839766326,0.0353,0.001399999976158142,47.849553256140005,45.364088577384,16.700000762939453,17.5,-12.782865307463481,-17.801525406393463,21.915622093801066,0.4008171856403351
200104010,0.00380749755488,0.00016162094667,0.0038851649328300003,0.00027846384589,0.0039,0.0004000000059604645,47.70052263576,43.426762051068,44.0,40.400001525878906,-16.606600458048348,-14.27954751521612,21.90166819997767,0.3906965255737305
200104010,0.006635006566090001,0.00021173193011000003,0.00856066866396,0.00033986014285999997,0.0078,0.0008999999761581422,56.75776608186,46.136494642391995,40.29999923706055,29.79999923706055,-17.655366667462424,-12.893899428327613,21.862368420279527,0.3917859196662903
200104010,0.00604988441198,0.00020340036658,0.0064880895382299995,0.00034436604881,0.0055,0.0004000000059604645,47.580590585736005,45.617428840716,33.59999847412109,32.299999237060554,-23.79098625324225,3.307845182205259,24.01983954920727,0.3125830888748169
200104010,0.00810787787323,0.00025094483471,0.00796890378164,0.0004375226779,0.0078,0.0005,46.29547655316,43.112834131356,28.29999923706055,26.70000076293945,-24.278165304034623,-16.071381515786047,29.115534002752696,0.16812510788440704
200104010,0.02965181981379,0.00026354557505,0.0306342468949,0.00045164123641999997,0.0262,0.0008999999761581422,46.65016860080401,44.967537469944,20.100000381469727,17.200000762939453,-27.691881615370907,-15.314257021286553,31.644299690753535,0.11710890382528305
200113040,0.01377691927261,0.00026472932852,0.01417368616139,0.00045465121185000003,0.0124,0.0006000000238418579,47.41786554642,43.803149736924,35.29999923706055,22.100000381469727,21.90840338173109,11.328370526585688,24.66390845280306,0.23267368972301486
200113040,0.10092433601852,0.00037844911414,0.10112045122548,0.0006552105555499999,0.0862,0.0025999999046325685,45.902253275819994,44.105268321071996,17.600000381469727,15.100000381469727,18.837152642480067,8.144997161687513,20.52263712285098,0.3798850178718567
200113040,0.01139810737978,0.00026941632706,0.01195896579589,0.00045969482805,0.0086,0.0005,47.883217695012,44.080191708624,31.5,25.899999618530273,18.360273997877385,24.611426756168264,30.705312716388477,0.10452072322368622
200113040,0.0048096120162299996,0.0002682519999,0.00460441764105,0.00047309863854000004,0.0039,0.0004000000059604645,47.166849967320005,40.807856627279996,42.099998474121094,40.900001525878906,15.41685925754118,26.81700603380591,30.93261290109037,0.11301949620246887
200113040,0.00467249785991,0.00026809649654,0.00509823463713,0.00045236229889000003,0.0048,0.0005,49.846228510968,44.0128200285,45.20000076293945,36.29999923706055,13.094261337155395,26.589256037146807,29.638569424120863,0.1456010788679123
200113040,0.0061791622289,0.00014487147361000002,0.006021500924409999,0.00025312181425,0.0043,0.0005,45.094448313216,43.990692248916,49.79999923706055,39.099998474121094,6.480570622432588,-19.340469529016236,20.39733105346253,0.5007627606391907
200113040,0.0243466446759,0.00033926755364999995,0.028775975015669995,0.00055877780586,0.0251,0.0012000000476837158,53.249110932204005,44.5702221783,21.200000762939453,20.100000381469727,2.4031090524151963,31.47248389939195,31.564093755011466,0.14901703596115112
200113040,0.07370966397041001,0.00014504770191,0.07534546301855001,0.00024941271465,0.0586,0.0017999999523162845,45.824354571096,45.366128938548,17.799999237060547,17.200000762939453,1.535824391771579,-15.853927650733633,15.928143702109216,0.6752974390983582
200113040,0.06478034503422,0.00045211288997000005,0.0648053567384,0.00078303463698,0.0573,0.0017999999523162845,45.2969636985,44.353380507084005,16.899999618530273,16.0,-3.316711794995616,31.061626911397802,31.2381968774056,0.16313615441322327
200113040,0.009355959483780001,0.00015974834222,0.00942085491405,0.00027607900135,0.0078,0.0005,45.741326718168004,44.803320709536,38.099998474121094,27.399999618530273,-4.9490598904915135,-18.52987154226604,19.17939248173677,0.5302089452743529
200113040,0.08225919141052,0.00012944640808,0.08782851462283998,0.00021946561003,0.0752,0.002299999952316284,47.508634909368,45.612580552236004,19.700000762939453,16.600000381469727,-8.895568259832018,-8.322092869079247,12.181469936351887,0.7696698904037476
200113040,0.01389147658757,0.00023474572700999996,0.0144092122597,0.00040172468976999997,0.0117,0.0005,46.420212909600004,45.538715052648,28.399999618530273,22.299999237060547,-11.481941209080114,-23.36205365099355,26.03110630069564,0.2639531493186951
200113040,0.01753892285267,0.00021862755182,0.017605211615220002,0.00037820176355,0.013999999999999999,0.0006000000238418579,45.257057467559996,44.637908056056006,21.5,20.5,-13.89583165412222,22.98205318823524,26.856396435607422,0.2397053986787796
200113040,0.00754682975476,0.00027120914958,0.007662488592109999,0.00046747670411999997,0.0057,0.0005,46.25776344657601,44.65702875373201,47.4000015258789,33.0,-18.245405771184426,-17.195859583329494,25.07169005333937,0.2830119729042053
200113040,0.00730757352362,0.0002761547305,0.00803541866885,0.00046381361398,0.004,0.0004000000059604645,48.631913782524,45.991948972032006,41.400001525878906,40.20000076293945,-17.113869899415686,-16.42839659643501,23.72286930588039,0.32808196544647217
200113040,0.01255990564859,0.00014255863022999998,0.012869158454770002,0.00024494108581,0.0115,0.0005,45.955479599532005,45.082689295212,29.60000038146973,26.70000076293945,-17.714528579415287,5.529880333917187,18.55758143291769,0.4953207075595856
200113040,0.009466139203290001,0.00014430536006999997,0.0102405669214,0.00024363820002,0.0087,0.0005,47.95822058454001,45.624433759632,37.29999923706055,25.899999618530273,-18.302532440349488,4.4668365014740745,18.83972222572126,0.4856559634208679
200113040,0.00745128424877,0.00020471003043,0.00773058702068,0.0003502744183,0.0063,0.0005,46.162560798612006,45.615779361144,34.59999847412109,30.79999923706055,-17.887302106240217,-8.438587758449609,19.77788404675096,0.4643912017345429
200113040,0.05122914107258,0.00015325428390000002,0.0519794074537,0.00026418457619,0.047200000000000006,0.0015,45.82738505142,44.82351540594,17.799999237060547,17.0,-19.08204749889561,1.029384382169957,19.10979220383377,0.4784786701202393
200113040,0.18622768492731,0.00044374576198000004,0.20261476398399,0.0007477448671399999,0.1843,0.0065,48.072384367704004,45.992777854932,14.899999618530273,16.299999237060547,-23.347416487368747,-12.90254332418356,26.67536169074996,0.2325500845909119
200113040,0.01889999326453,0.00032752324516,0.01888456449404,0.00056775963142,0.0187,0.000699999988079071,46.63275354755999,43.636123191276,18.399999618530273,18.299999237060547,-23.10800406151456,-20.81085592720835,31.097669579395728,0.12221343070268632
200113040,0.00414750707933,0.00030409339381999996,0.00418342689727,0.00052685207189,0.0039,0.0004000000059604645,48.365385762959995,42.303382554996,47.20000076293945,41.29999923706055,-26.89738163728459,-6.112251748977438,27.583110738872946,0.21384990215301514
191220018,0.010907665061010001,0.00028992609249,0.010405093705200001,0.00051024868118,0.0115,0.0005,44.217712261224,43.358074789464006,21.899999618530273,21.399999618530273,18.60891725485748,20.044096217715246,27.35056983705587,0.16718436777591705
191220018,0.01075093206951,0.00015622982369,0.010870479901199999,0.00026967668332000003,0.0099,0.0005,45.997777898748,44.412966789984,29.399999618530273,23.20000076293945,15.849051071280162,5.9885632124241015,16.942699168716832,0.5271590948104858
191220018,0.036953962293559996,0.00013543073781000002,0.03764170140811,0.00023314084369,0.0355,0.0011000000238418578,45.605391046128,45.20297519787599,22.200000762939453,15.300000190734865,14.277141359722085,1.5542418661712123,14.361490845162125,0.6480918526649475
191220018,0.030617549830970002,0.00013499576613,0.030783216357509996,0.00023340358075,0.0282,0.0008999999761581422,45.458266329144,44.749642200551996,18.100000381469727,15.899999618530273,14.902982803475807,2.2416071332279777,15.070622664746553,0.6167582273483276
191220018,0.024299993525089998,0.00011522551862999998,0.02445697472541,0.00019915577249,0.0231,0.0008000000119209289,45.437403086244004,44.9621385084,20.399999618530273,16.700000762939453,13.464296229243882,-6.2293707528447895,14.835502502592846,0.6779085993766785
191220018,0.11740016379152,0.00019260725188,0.11929623368692,0.00033184087448999997,0.1101,0.003299999952316284,45.560610858383995,45.193681825992,18.200000762939453,15.399999618530273,11.02151083499781,-1.6985989155100092,11.151633489149662,0.7899670600891113
191220018,0.21807640759566002,0.00050534627315,0.22011362186807998,0.0008726515590499999,0.2066,0.006199999809265137,45.735167997792,44.31416244753601,18.5,18.5,10.781643034675472,22.36462361443946,24.827778314052228,0.2637411057949066
191220018,0.00801950006535,0.00017890605858999998,0.00833226400182,0.00030604132710000003,0.008199999999999999,0.0005,46.773482143392,44.751847229388,41.400001525878906,26.60000038146973,11.006887808664153,13.559710655170775,17.4647274239335,0.5025744438171387
191220018,0.020355267995860002,0.00040216214226999994,0.021035410013220002,0.00068914335175,0.0194,0.000699999988079071,46.369398113568,44.746857551484005,26.5,18.600000381469727,8.287443817275006,22.67935529820964,24.146094619294978,0.2940550446510315
191220018,0.09892973088594999,0.00051186893538,0.09929097952704,0.00088556128147,0.0891,0.002700000047683716,45.521186001227996,44.194156841015996,17.100000381469727,16.600000381469727,5.342750280986793,27.01570677333941,27.53893253940368,0.2185330241918564
191220018,0.00833425377982,0.00023507463522,0.00840234431107,0.00040613839062,0.008199999999999999,0.0005,45.85920353701199,44.161736471063996,37.79999923706055,25.70000076293945,3.733626580249224,21.296488844291808,21.621291039430023,0.3860141634941101
191220018,0.021045035214610004,0.00021165178402,0.0215642994006,0.00036364429613,0.0199,0.000699999988079071,45.8019965529,44.951822235179996,19.5,17.299999237060547,0.5497126470443496,20.56597134573858,20.573316645185933,0.4274749159812927
191220018,0.0188840936926,0.00031538649869,0.01829659472015,0.00055215408556,0.0152,0.0006000000238418579,44.89112759382,43.238247440436,20.399999618530273,19.0,-0.635828781893775,28.516401262781105,28.523488740811448,0.21075505018234253
191220018,0.0235647660895,9.212356966e-05,0.0266350719801,0.00015340119912999998,0.025,0.0011000000238418578,49.589858716992,46.302022728324005,20.299999237060547,17.5,-4.309701341255097,-8.304084401411314,9.355816761324377,0.8768934607505798
191220018,0.01307891240214,9.189004887000001e-05,0.01455568539304,0.00015369650016,0.0125,0.0005,48.15910767455999,46.963661447772,28.70000076293945,26.79999923706055,-4.5771411606189165,-9.353584636657605,10.413439156256814,0.8480834364891052
191220018,0.05429537488428,0.00014802496971999998,0.05705931430102,0.00025221840054,0.0528,0.0016000000238418578,46.548064794708004,46.012427871228,19.899999618530273,17.100000381469727,-5.124292654510584,-16.718134986735762,17.485828709027487,0.5988754034042358
191220018,0.00263556705471,8.854112622e-05,0.00256494543621,0.00015479059128,0.0033,0.0004000000059604645,45.054856118556,43.661358617939996,45.79999923706055,43.099998474121094,-7.371553507385702,4.7952733692327945,8.793998666970692,0.8379077911376953
191220018,0.05975553003773999,0.00016265548776,0.06271397356908,0.00027729565285,0.0551,0.0017000000476837158,46.984262515704,45.572182853616,18.600000381469727,16.200000762939453,-8.633591199949716,-19.404595372352702,21.238559907370373,0.4410581290721893
191220018,0.0162476638481,9.208609109e-05,0.01667190870309,0.00015815197674,0.0179,0.0008999999761581422,46.164703787172,45.007508336724,21.0,18.399999618530273,-8.952040854784633,0.16063888162057047,8.953482018616375,0.8449909090995789
191220018,0.01238214135055,9.749382842000001e-05,0.01325494165133,0.00016527418871000002,0.0094,0.0005,48.5509514445,44.728718157791995,39.400001525878906,24.10000038146973,-9.551716107347977,-4.671623757639648,10.632934353599152,0.8087977766990662
191220018,0.0265722486879,0.00017141768241999997,0.02695175486122,0.0002955091561,0.02,0.000699999988079071,45.47900956356,44.8479061299,18.799999237060547,17.399999618530273,-10.757178724003685,18.45337300401146,21.359839837877093,0.3995521664619446
191220018,0.055321008185550004,0.00013603990599,0.058005327710720006,0.00023200329053,0.0532,0.002,47.05983562194,45.27087168582,16.399999618530273,19.600000381469727,-15.54932756459274,-8.809073918388373,17.871229443322996,0.5396345257759094
191220018,0.044167677819119996,0.00021322424761999997,0.04773045499992,0.00036035925445,0.0416,0.0012999999523162842,49.126403475576,44.88747775146,19.600000381469727,17.700000762939453,-15.56659317915982,-19.95926220594939,25.311820326789306,0.2798890769481659
191220018,0.0069874673767699996,0.00015622160819,0.0069047809159299995,0.00027168190663999996,0.0058,0.0004000000059604645,45.106646436864004,44.164585427436,36.20000076293945,30.70000076293945,-15.67799518435938,11.880016161306095,19.67062120332547,0.4504932463169098
191220018,0.01820101602744,0.00017015929369999997,0.018169802742360002,0.0002949049667,0.017,0.0006000000238418579,45.42471034930801,44.594635223952,22.70000076293945,19.200000762939453,-20.32824014406129,-5.288165824078981,21.004802288869342,0.41706183552742
191220018,0.0138114494803,0.00021573733588,0.01901473854734,0.00033981915257000003,0.0165,0.001,59.064374729412,47.143810738439996,37.599998474121094,25.899999618530273,-24.456817947541502,3.260423599401632,24.67318639384528,0.29291313886642456
191220018,0.00918877684085,0.0002098494091,0.00946611838171,0.00035992886325,0.0077,0.0004000000059604645,46.008038161908,45.22015144238401,27.20000076293945,26.0,-24.49198310536977,7.282962243085763,25.55186642979748,0.2638857364654541
191220017,0.055230242246819994,0.00030444579578,0.05538557571107,0.0005268790602200001,0.0588,0.0017999999523162845,45.704839067172,44.21271642624001,16.299999237060547,15.199999809265135,20.759106151890087,10.914611174946254,23.453523772211906,0.2711438238620758
191220017,0.02005245203053,0.00032336235769,0.02031312504311,0.0005582630386300001,0.019,0.000699999988079071,47.246796291276,43.168819313232,19.100000381469727,17.899999618530273,18.973607396153298,12.661988208589534,22.81056981066589,0.2934637665748596
191220017,0.00374077053481,0.00027399339925,0.0026963482923899997,0.00053447870013,0.0063,0.0005,40.527326270124,35.595068767667996,40.0,32.0,14.964975013148155,26.189102681634587,30.163143802236714,0.1272573620080948
191220017,0.01282273503402,0.00012535325135999998,0.01313742172167,0.00021541224171999998,0.0117,0.0005,46.434091217472,44.706806539992,23.70000076293945,23.29999923706055,13.959592156042516,-1.27308819008757,14.017523240376676,0.6780702471733093
191220017,0.00644753898116,0.00022970723813999996,0.00594503675211,0.0004089530132,0.0061,0.0005,43.694433542808,42.351871560984,44.29999923706055,30.79999923706055,12.633676625944224,19.758217498015068,23.451976170891733,0.29336729645729065
191220017,0.012941570076230001,0.00019437677683000002,0.01232706650896,0.00034226335475,0.0125,0.0005,44.539039700532,42.950748987720004,21.399999618530273,21.0,10.173352169900657,18.21868446283095,20.866638181435608,0.3862299621105194
191220017,0.004412001855430001,9.361297715e-05,0.0046587214038,0.00015935195752000002,0.0046,0.0004000000059604645,47.609718381684,44.86938775974,43.0,36.29999923706055,8.096225897229143,2.0803563476852918,8.359231322963634,0.8590753078460693
191220017,0.0062016839598899995,0.00023534039197999998,0.00612612594317,0.00040979793219,0.0055,0.0004000000059604645,46.73590691738401,43.355774696184,35.79999923706055,32.700000762939446,8.012922734061169,-27.905043726241022,29.03268823079591,0.2018224000930786
191220017,0.00415405851722,8.874460276e-05,0.00400087533239,0.00015568326741999998,0.0031,0.0004000000059604645,44.847293739192,43.622835884352,49.0,46.20000076293945,7.144554252674825,-6.738754277142324,9.821170973858383,0.8695498704910278
191220017,0.00723553152104,0.00014495072005,0.00685012186862,0.00025573136119,0.0063,0.0004000000059604645,44.001499953456005,43.258162124304,37.5,30.10000038146973,6.519926908973877,15.822458726304975,17.113133753801502,0.5303232073783875
191220017,0.00879879598581,8.057646067e-05,0.00899116409601,0.00013856828864,0.008199999999999999,0.0005,45.805418738423995,45.173374110324,35.0,31.60000038146973,1.394345614812437,0.09304296633311854,1.3974464879400414,0.9928372502326964
191220017,0.0064910653050600006,8.914256798999999e-05,0.00659937901187,0.00015355506980000002,0.0046,0.0004000000059604645,45.597157019099996,45.329064498107996,37.79999923706055,35.79999923706055,-4.633183039015541,-8.565606560746671,9.738375449924707,0.8649391531944275
191220017,0.04519751539591001,0.00014015828374999999,0.0478820012364,0.00023829809873,0.045700000000000005,0.0017000000476837158,47.42075884068,44.970406673364,16.200000762939453,14.899999618530273,-8.675195089050165,13.165735230906513,15.766902868369709,0.595200777053833
191220017,0.0062524890192,0.00030804000962999996,0.00556344281124,0.00055525006591,0.0053,0.0004000000059604645,43.156769832756005,41.2573184604,42.400001525878906,36.70000076293945,-8.765950834564755,26.322139355624188,27.7433850246339,0.2274730056524277
191220017,0.11748755826005,0.00032030155643,0.11769791304555001,0.00055445338827,0.1091,0.003299999952316284,45.110760060996,44.620569128628,17.0,17.0,-12.053025586806376,17.290623862030785,21.076998702559756,0.4082952439785004
191220017,0.04435423118249,0.00032863957947,0.05038042144602,0.0005471472481499999,0.0454,0.0017000000476837158,50.448563765783994,45.200639954952,20.700000762939453,18.100000381469727,-11.681498231602859,19.105166029331187,22.39337770614518,0.3652586340904236
191220017,0.00567541300479,0.00016186950061000002,0.00580788626194,0.00027833240866000005,0.0061,0.0004000000059604645,46.70042732802,44.221658969736005,33.59999847412109,30.60000038146973,-16.381550151447907,7.597500975989956,18.05759589600176,0.5108751058578491
191220017,0.09704861227553001,0.00035314053147000006,0.09893399558428001,0.00060787652175,0.0912,0.002799999952316284,46.648468457064,44.559537024276,17.600000381469727,14.5,-19.953394578050663,-15.01354566797893,24.97082252301504,0.2844776511192322
191220017,0.01074365682174,0.00036843311863999994,0.0100731739358,0.00065225498852,0.0101,0.0005,43.872545662056005,42.80372030574,29.399999618530273,24.29999923706055,-21.262137502223002,24.488700572487136,32.43096205953938,0.11618129163980485
191220017,0.00661458485637,0.00024812406188,0.00642672667402,0.00043442027206999997,0.006,0.0005,45.814622186520005,42.744210081624,49.9000015258789,31.399999618530273,-24.400615968452463,10.357538407064233,26.50786411500025,0.2356671988964081
191220017,0.04747208704373,0.00033782058562999997,0.05309092518034,0.00056484215608,0.0529,0.002,49.949386194096,45.524087652888,24.79999923706055,16.200000762939453,-26.962555947574266,-8.63914414387669,28.31276574964879,0.1952281892299652
190809042,0.008813067509809999,0.0002833860701,0.00912110069135,0.00048678683226,0.0108,0.0005,49.604151770243995,42.589972097676004,26.20000076293945,22.60000038146973,24.048796784294144,-17.39200785323282,29.678639283335514,0.16315992176532745
190809042,0.00966906363204,0.00023390387309000002,0.00924375533028,0.00041133409239,0.0091,0.0005,44.622748303236,43.796157457608004,30.70000076293945,24.60000038146973,10.594881945667254,-20.451439730635453,23.032837129658738,0.3990798592567444
190809042,0.12100907978625,0.00098631831013,0.13941669887641,0.0016343469605999998,0.1114,0.004,50.523521661828006,45.607481233992004,16.700000762939453,17.0,8.831499553409284,27.49811660846764,28.881484344336105,0.17650023102760315
190809042,0.020806669436080002,0.00016426443498,0.02128510600437,0.00028241078828,0.0198,0.000699999988079071,46.323407967624,45.056775159863996,23.5,19.399999618530273,5.493159531317604,-16.308854970105592,17.209105894852772,0.6294588446617126
190809042,0.023677597011,0.0005562882755800001,0.0273471189513,0.0009195836459,0.0206,0.001,49.15579576698,46.845914673635995,27.5,18.100000381469727,3.264498844608795,34.589335478066076,34.743038466639355,0.10196046531200408
190809042,0.01085578774024,0.0001272719677,0.011688310167529999,0.00021517923724,0.0099,0.0005,47.27050608708,45.931198266972,38.099998474121094,23.899999618530273,2.225121474242868,9.201186945408221,9.466414049497429,0.8079328536987305
190809042,0.01341726589194,0.00029416555499,0.01213163669315,0.00052730098065,0.0132,0.0006000000238418579,43.860601576620006,42.369439015692,25.399999618530273,20.5,2.223537892105097,-31.976936916995488,32.05414907244875,0.12759758532047272
190809042,0.01381660575201,0.00013632394037,0.01405984103557,0.00023478956169000002,0.0131,0.0006000000238418579,45.813745790604,44.71439447862001,25.0,20.799999237060547,-3.703398387892841,12.981687417172925,13.499603795096276,0.6775031089782715
190809042,0.010777039215190002,0.00013906227937,0.0120240276639,0.00023258427705000003,0.0118,0.0008999999761581422,49.315317657804,45.579644854415996,32.09999847412109,31.60000038146973,-1.378821174883802,11.284720525999026,11.368643646172549,0.7502580881118774
190809042,0.0439589098993,0.00028858202002,0.04428672627076,0.0004987456496000001,0.0429,0.0012999999523162842,46.107209690676,44.50412781252,16.100000381469727,15.5,-7.995876333906933,-12.638131385649542,14.955136751083474,0.6824148893356323
190809042,0.009310035017709998,0.00011920137953,0.00963275057908,0.00020415567862,0.008,0.0005,46.271720708711996,45.27364913406,28.79999923706055,26.20000076293945,-8.718086138248871,0.33183216556302786,8.72439902021851,0.8520728945732117
190809042,0.0082648275526,0.00028748767619999997,0.009159908485020001,0.00048175773911,0.0089,0.0005,49.599210618684,45.832016663208,41.599998474121094,29.10000038146973,-8.621317471175376,-27.790747227974464,29.09727010050013,0.1861356496810913
190809042,0.01957475074608,0.00017751573318000003,0.01924195537487,0.00030923932917,0.0191,0.000699999988079071,44.911867120956,44.19821956176,19.200000762939453,19.100000381469727,-17.856083876030322,6.204464027892076,18.903300216432825,0.4816780388355255
190809042,0.025499649642489998,0.0002788996148,0.02725653914176,0.00047297195855999997,0.026000000000000002,0.0011000000238418578,48.213000234504,44.583498359856,17.399999618530273,16.5,-18.01309506807547,15.474684061094074,23.7473208839626,0.3140847980976105
190809042,0.0054817106439700005,0.00027331840161,0.0054307750457,0.00047497425097,0.005,0.0004000000059604645,45.502160843736,44.447767468956,36.70000076293945,34.09999847412109,-19.779864271756736,-17.557440141621303,26.44812532470237,0.2413824945688248
190809042,0.02260071173905,0.00040969172904,0.02763262019231,0.0006704016768199999,0.0272,0.0012000000476837158,56.519801925083996,43.379495421984,25.5,16.600000381469727,-24.623843017354172,21.635170088433533,32.77813638104622,0.10485244542360306
190809042,0.0071687519332700005,0.00030530904466,0.00686081639599,0.00053671585252,0.006999999999999999,0.0005,44.444909273076,43.983063143100004,47.29999923706055,28.60000038146973,-26.42733822156522,-18.691409745571576,32.369215646936944,0.10225498676300047
190809042,0.0059420398853,0.00041641845655000006,0.0062749924921099995,0.0007097540591099999,0.008199999999999999,0.0005,48.663743708772,44.066118059316,29.70000076293945,25.899999618530273,-30.17228794706976,-5.9518005618376995,30.75369864417965,0.14509592950344086
190809042,0.037656668880769996,0.0009800905111,0.039732560265480006,0.0016752756212300001,0.0388,0.0015,50.231774993472,42.505357980888,17.299999237060547,15.199999809265135,-33.28957804746153,1.8939279137769984,33.343408005213824,0.10400019586086273
191010041,0.20638799364503,0.00038080020612,0.21024418281648002,0.0006555307214,0.1784,0.005400000095367431,45.73472286096,45.225299532564,16.700000762939453,14.899999618530273,21.968811561758297,-12.649904464524331,25.350475066262533,0.2822381258010864
191010041,0.08186511241352999,0.00018284786434999997,0.08390588180604999,0.00031413135342,0.0726,0.002200000047683716,45.922325024016,45.222919221312,16.5,16.399999618530273,19.71536799893228,-2.8171915263769582,19.915627442250862,0.44627514481544495
191010041,0.00396595439164,0.00013799673366999998,0.00392166470791,0.00024029410622,0.003,0.0004000000059604645,47.019959752679995,42.626655061308,49.5,47.29999923706055,14.613356835414715,-4.528417133522964,15.298909641474664,0.645504891872406
191010041,0.15637393340924,0.00017435622706000003,0.15962326854892,0.00029993826481,0.1485,0.0045,45.534719339388005,45.518438879315994,16.700000762939453,14.0,12.183689249730492,-12.882185481494195,17.73111084223918,0.5925264954566956
191010041,0.06833943861625,0.00013866555856,0.07043956724737,0.00023779110178999999,0.06,0.0017999999523162845,46.118977058268,45.360306289188,20.399999618530273,16.700000762939453,10.744681894032396,-10.830523619479711,15.25608235807368,0.6858323812484741
191010041,0.0079875174027,0.00033292044776000003,0.00844796213002,0.0005668526040800001,0.0078,0.0005,48.540077349804,43.868580271596,43.599998474121094,31.0,10.63582005674716,28.037368445013513,29.98686694993739,0.15076236426830292
191010041,0.0036789148794699996,0.00024881439118000005,0.00399771621973,0.00042063458576,0.0033,0.0004000000059604645,50.192379343044,43.639029853775995,46.099998474121094,44.099998474121094,6.590247118592856,22.351740885568766,23.303026964106436,0.32549798488616943
191010041,0.005256464799640001,0.00027426447077,0.005152047696859999,0.00047854022017,0.004900000000000001,0.0004000000059604645,45.71326203753601,43.196483515644,36.5,34.799999237060554,-0.8171854791361498,24.76869727326963,24.782173939485286,0.30378690361976624
191010041,0.0026105658181399998,0.00017230127666999998,0.0027427667162199998,0.00029388861268,0.0038,0.0004000000059604645,47.97759757518,44.183022650568,49.0,40.900001525878906,-1.758506634662678,17.63871260858436,17.726153021337772,0.5270538330078125
191010041,0.03637854770606,0.00034341801114999993,0.0378080454726,0.00058775765114,0.0357,0.0011000000238418578,47.627975789496006,44.47304006022,18.899999618530273,16.600000381469727,-8.854040120774979,-30.531911452119022,31.78977165945068,0.12039080262184144
191010041,0.010444519184420001,0.00011461258078000001,0.01039286480915,0.00019886864531999999,0.0097,0.0005,45.555436184040005,44.23361057262,24.899999618530273,23.899999618530273,-9.981604807990985,-0.20739099224494376,9.98375908391806,0.8147817254066467
191010041,0.00729339534621,0.00012456523963,0.00817684563093,0.00020794294596,0.0087,0.0005,49.189427114508,46.223116093476,42.400001525878906,25.70000076293945,-11.108339043771299,-7.144586417314793,13.207578647436224,0.7241114377975464
191010041,0.009568512901139999,0.00033311392013,0.009351140468110001,0.0005817774306799999,0.0092,0.0005,45.819141505488005,42.959640543156006,39.79999923706055,28.10000038146973,-12.48350345659134,26.119930108345386,28.949708264474268,0.19673310220241547
191010041,0.007711357645449999,0.00030833106758,0.0078009057171,0.00053337385989,0.0061,0.0004000000059604645,48.186607671864,42.317333807759994,31.399999618530273,30.5,-14.158746052266144,22.277700768056846,26.396273128138727,0.2508206367492676
191010041,0.01114280304949,0.00030575297936,0.012543727033469999,0.00051001615705,0.0109,0.0008999999761581422,49.881506892804005,45.918118951451994,34.5,24.29999923706055,-15.024830396007856,-22.59564458804564,27.134948533110137,0.2246098816394806
191010041,0.007431073066850001,0.00033095482043999996,0.00746252074813,0.0005726714662699999,0.0066,0.0004000000059604645,46.457645482152,44.008077120372,29.60000038146973,28.70000076293945,-16.759644714234614,-25.442381211670323,30.466298172059993,0.13683044910430908
191010041,0.00488705005982,0.00019436578450999999,0.00487425641411,0.00033702987556,0.0045,0.0004000000059604645,45.877053641004,43.961251176972,39.29999923706055,36.5,-18.879280867433287,6.958842433767472,20.120940516285923,0.4364690184593201
191010041,0.019129211467689998,0.00034539941728,0.01862399893977,0.00060440905258,0.0171,0.0006000000238418579,46.462666310064,42.635132390016,22.399999618530273,18.700000762939453,-21.63570969830089,-22.546113213306594,31.2477910208878,0.1185198500752449
191010041,0.05279290226677,0.00037547557995,0.05908272375647,0.00062721436155,0.0529,0.002,48.968430751907995,46.164147574788,17.799999237060547,17.399999618530273,-24.59254001446671,12.212245493184525,27.457775224325704,0.2126842588186264
191010041,0.03243153479057,0.00026434224147,0.0346827306039,0.00044801623593000007,0.0308,0.001,47.62304678196,45.465695465688,19.799999237060547,16.600000381469727,-26.694129186925863,0.9382191040173088,26.710611570002545,0.2370503693819046
191010041,0.00930842598968,0.00028787955913,0.010722732927000002,0.00047651027824999995,0.0091,0.0005,49.984270265808,46.713340749744,32.400001525878906,24.79999923706055,-28.725991761401325,-4.390386740271357,29.059553502675065,0.1808641105890274
191010041,0.0076444687145099995,0.00033607117002,0.008533766633510001,0.00056225319773,0.0065,0.0004000000059604645,49.775301999756,45.39314241252,32.299999237060554,29.399999618530273,-32.150336389371844,2.6519726940778146,32.25952392825848,0.120392844080925
200124082,0.01455284313577,0.00023981669063,0.015475445217860002,0.00040754234726999997,0.0129,0.0005,48.59725946364,44.46880002035999,20.799999237060547,20.5,19.780394535700225,-22.393299027624632,29.878392114163308,0.16318456828594208
200124082,0.011416593692749999,0.00017221653506,0.012672735661229999,0.00028869047742000005,0.0125,0.0008999999761581422,49.860455207075994,45.107123014728,29.29999923706055,28.70000076293945,19.61402780911737,-3.4296158600105517,19.91161028678909,0.448217123746872
200124082,0.009478341152,0.0001950165496,0.00943769534037,0.00033830281318,0.0088,0.0005,45.601672882356006,44.31666289535999,27.70000076293945,26.79999923706055,19.398413613657304,-14.337029664482772,24.1214984751407,0.3322191834449768
200124082,0.02140797516577,0.00012802959579999998,0.02178556028125,0.0002204744874,0.0203,0.000699999988079071,45.709910983332,45.126110532024,22.899999618530273,17.600000381469727,11.399591053714053,-6.11540589404068,12.936333652356105,0.7536278367042542
200124082,0.07089504369972,0.00017035464461999999,0.07204671976875,0.000293488991,0.0726,0.002200000047683716,45.545889671135996,45.242634487104,18.700000762939453,16.799999237060547,6.792195121825024,-8.38915534185854,10.794060882978174,0.8477274179458618
200124082,0.059328633644869996,0.00025077359406,0.0603059182975,0.00043208395942000003,0.0546,0.0017000000476837158,46.139983887743995,44.450288361828,19.100000381469727,14.600000381469727,5.607720476252453,23.27606105773142,23.942035560266675,0.3118509352207184
200124082,0.00924453699998,0.00023976286268,0.0098404129191,0.00040750905680000005,0.0097,0.0005,49.06700416404,44.148333710016004,35.5,30.79999923706055,-0.9441386733478204,-31.198834052426964,31.213116146785275,0.1420205682516098
200124082,0.030111651937450003,6.268645452000001e-05,0.030823254895330002,0.0001077409363,0.0319,0.0012999999523162842,45.830177000784,45.216927296532,17.700000762939453,19.799999237060547,-6.127345591184951,1.7220589297899684,6.364734700769768,0.9104032516479492
200124082,0.0035290611622099998,7.138047148e-05,0.0035253978658499998,0.00012368787662000002,0.0038,0.0004000000059604645,45.51080215554,44.454892409496004,44.400001525878906,40.599998474121094,-6.110551533190571,-0.8730411274559083,6.1726039924248814,0.9240028858184814
200124082,0.008652259042959999,9.101778288999999e-05,0.00881970563709,0.00015665326003,0.0074,0.0005,45.829183787208,45.041763590208,32.5,27.0,-9.772618629349406,-0.08719774355352554,9.773007638424124,0.8210111260414124
200124082,0.0060187333447400005,9.016202774999999e-05,0.00590839394695,0.00015714618750999998,0.005900000000000001,0.0004000000059604645,45.069114743423995,44.117210673900004,32.700000762939446,30.5,-9.46183277015512,-1.4049077914554804,9.565565340786687,0.8326861262321472
200124082,0.00312529135898,0.00031210694182,0.00275983447262,0.00056436593559,0.0032,0.0004000000059604645,43.402647945312005,41.001823132524,49.20000076293945,46.29999923706055,-12.494305056271884,31.229288172921162,33.635870799309565,0.1200336292386055
200124082,0.01593784037524,0.00020458039725999998,0.01574073758838,0.00035588305069000003,0.0127,0.0006000000238418579,45.608169431088,43.997525561124,29.0,23.10000038146973,-13.573896513827366,-21.104275593012325,25.092604492938772,0.2897718548774719
200124082,0.02528131548585,0.00017120391735,0.02887438554496,0.00028433865852,0.0254,0.0008999999761581422,50.516890925039995,45.888850745424,22.0,19.200000762939453,-15.872662048836807,-14.608287373944895,21.57178583378644,0.4040086567401886
200124082,0.00800221805324,0.00012090066731000001,0.007944939538220001,0.00020995867067,0.0079,0.0005,45.776465207352,43.965905839596005,34.299999237060554,29.60000038146973,-16.5926442369267,-6.569980379492468,17.846012153142702,0.5372190475463867
200124082,0.38440931762078,0.00033761632975,0.37714022846296,0.00058855414119,0.3457,0.010399999618530274,44.94495648798,44.043536548691996,16.0,15.800000190734865,-21.30920208517668,23.48380192777905,31.710628868553023,0.1283477395772934
200124082,0.00862505654401,0.00022304707815000002,0.00901624470336,0.00038083695278,0.0072,0.0005,47.064247236647994,44.892079529688,36.70000076293945,27.60000038146973,-21.13714300601907,12.390766222962613,24.501182977860182,0.2919427156448364
200124082,0.028897551733610003,0.00022486939379,0.029284941399290002,0.00038778366219999996,0.0262,0.0008999999761581422,45.594806633856,44.940565831896,21.600000381469727,16.799999237060547,-22.337859612746573,9.80318003744128,24.394281263999662,0.2960295081138611
200124082,0.01650322507881,0.00023008818811,0.018775745005380002,0.00038295157705,0.0178,0.001,50.992098573096,45.109620586404,26.10000038146973,22.399999618530273,-23.997638881442548,10.22723306370837,26.086035901463475,0.2491521388292313
200124082,0.00867993428341,0.00019843552295,0.00914083243903,0.00033802356357,0.0085,0.0005,47.37189618982799,44.992422092376,27.70000076293945,25.20000076293945,-23.310257218756515,3.6273960638724487,23.59080100696774,0.3250225484371185
191218226,0.00988222323238,0.00046949597157999994,0.01171941908698,0.0007695669827000001,0.0142,0.001,49.36501808272801,48.494418337008,33.59999847412109,28.79999923706055,20.423082650608528,18.440431636449606,27.516319218995136,0.1585158258676529
191218226,0.007042918054470001,0.00019953350757,0.00706601179948,0.00034523978762,0.0058,0.0004000000059604645,45.48162676226401,44.66480902704001,32.700000762939446,31.10000038146973,19.548130830424878,0.7140014298802999,19.561165903662978,0.4418550133705139
191218226,0.36415246444046995,0.00019018336667,0.37164568474979,0.00032718843991000004,0.3321,0.01,45.5177576583,45.33836696733599,17.5,16.600000381469727,16.704887620581903,8.406308516776878,18.700768355799905,0.4512223899364472
191218226,0.010809025812639999,0.00023826332816,0.012372347422139999,0.00039501901933999996,0.0108,0.0008999999761581422,49.393972646928,47.111205537936,36.099998474121094,24.60000038146973,15.762308906961774,-22.50728371865896,27.47771192348181,0.2353869527578354
191218226,0.01616545356699,0.00022904023185,0.0164732567963,0.00039428491892999997,0.0129,0.0006000000238418579,46.10785767714,44.630112273732,24.0,20.799999237060547,14.01056712702368,16.30001915656958,21.493839691905517,0.3498579859733581
191218226,0.012157713645950002,0.00014443452705,0.012639822111709997,0.00024696914058000005,0.0104,0.0005,46.020076486488,45.70004291500801,33.59999847412109,23.20000076293945,13.271418805136793,6.065413946340223,14.591765509330589,0.6201922297477722
191218226,0.00877420948426,0.00012632384341999998,0.00892189818784,0.0002175955809,0.0072,0.0005,45.66170295954,45.108809004132006,36.599998474121094,28.899999618530273,11.989622361690705,-1.8135063039258308,12.12599835707275,0.756241500377655
191218226,0.00912155299227,0.00024040344458,0.0118041128752,0.00038469066289000003,0.0145,0.001399999976158142,55.460201045004005,47.100540615444004,45.29999923706055,27.79999923706055,10.134056591746836,18.553182996907715,21.140451869075576,0.3785662949085236
191218226,0.00483989209819,0.00013014722248999997,0.004833511625939999,0.00022559124284,0.005,0.0004000000059604645,45.863709724692,43.99696230901201,47.70000076293945,34.700000762939446,10.166284251400349,12.880259081802805,16.40895870777402,0.5468189120292664
191218226,0.19505844423957003,0.0007614874045499999,0.20212235733938,0.0013041762054600001,0.2214,0.0076999998092651374,47.156663751155996,44.280173852928,21.100000381469727,17.5,6.406456524038433,28.53881871438236,29.249032735470852,0.18016967177391047
191218226,0.02068887307892,9.628748121999999e-05,0.02080302287053,0.00016647089694999997,0.0202,0.000699999988079071,45.253350234180004,44.906133388644,26.10000038146973,24.10000038146973,5.814874875023981,11.492638017455278,12.879960110456874,0.6879824995994568
191218226,0.00374388164714,0.00013471720778,0.0038299661477800007,0.00023183472588999998,0.0032,0.0004000000059604645,47.413510581527994,43.571047489884,49.29999923706055,45.79999923706055,3.2119958829170687,16.041733490077895,16.360136186334095,0.5690057873725891
191218226,0.01609628020682,0.00030949229472,0.01569897894445,0.0005406716428,0.0155,0.0006000000238418579,45.162838064736,43.542599241024,23.10000038146973,21.5,1.567693249567042,25.22533694950215,25.274003288586854,0.2862173616886139
191218226,0.00600199833649,0.00020892663594999998,0.0064586967365100004,0.00035369935726,0.0048,0.0004000000059604645,49.032707304924,44.65748625858,40.599998474121094,35.400001525878906,0.06736830319511489,-27.72108192369712,27.721163781670942,0.2351064085960388
191218226,0.01453218204933,0.00014032666119999997,0.01653309482131,0.0002338491429,0.0157,0.0008999999761581422,51.96898183770001,44.252393784408,21.5,19.700000762939453,-15.088784986934161,10.308263966286008,18.2737805618857,0.5017592906951904
191218226,0.02360937060505,0.00010950096004,0.02412601964441,0.00018835120686999998,0.0209,0.001,46.473646431312005,44.541269148996,19.399999618530273,17.700000762939453,-15.213504337197762,-1.8449051627384725,15.324958957783268,0.6252096891403198
191218226,0.00896053152221,0.00029553068954000003,0.009968098586190001,0.00049445384169,0.0144,0.001,48.495217445424004,46.228341907008,34.59999847412109,31.10000038146973,-17.157590539721745,28.249238636599202,33.05141102206411,0.11721246689558028
191218226,0.00407645465315,0.00018386976442999998,0.0040189099369000005,0.00032001405556,0.0046,0.0004000000059604645,45.145403785763996,44.107089284016006,39.099998474121094,35.79999923706055,-17.47451696010262,15.220176113168865,23.17348719388403,0.3347461223602295
200330001,0.01968952311669,0.00026009619932,0.02324106177145,0.00042785702708999997,0.019,0.001,52.023385962432,45.858055186584,26.29999923706055,23.79999923706055,25.86804685794015,6.187174292978384,26.59767379800168,0.1845775544643402
200330001,0.014800523797950002,0.00024639632911,0.01500622968601,0.00042485034116000004,0.0148,0.0011000000238418578,45.938370202848,44.745551404308,39.099998474121094,28.5,23.75244837148532,-3.494648245498364,24.008148109810005,0.29534754157066345
200330001,0.00853294867759,0.00022166873337000001,0.00930040256035,0.00037349127660000006,0.0031,0.0004000000059604645,48.872986589772,45.437224759488004,49.4000015258789,46.599998474121094,17.12369683477237,-18.856081535143264,25.47096118300013,0.29695063829422
200330001,0.01501029892248,0.00029670121863999995,0.01460001170811,0.00051948692878,0.0085,0.0005,46.597359651804,42.596201307168,38.5,26.20000076293945,16.780938725331875,-23.72672006227811,29.061188517392093,0.19049032032489774
200330001,0.03535136535755,0.00016031696286,0.03528437841108,0.00027789721550999997,0.0295,0.001,45.603082910556004,44.489486023632004,23.29999923706055,17.299999237060547,15.323685656022118,-11.79339905692378,19.336459919998934,0.5167315006256104
200330001,0.10547585932905999,0.00031504992643,0.10763374241963002,0.00054210966183,0.0638,0.002,46.388639673324,44.85563525919599,20.299999237060547,16.600000381469727,11.916151130652382,-21.386812364498255,24.482413463641446,0.34170058369636536
200330001,0.009004057925790001,0.00028407733178,0.00837817968058,0.00050437113196,0.0081,0.0005,44.481718935972005,41.982752852892,27.29999923706055,26.5,11.54563538358943,28.22611868100677,30.496105926686877,0.13662376999855042
200330001,0.02702020635371,0.00029197137973,0.02630650341766,0.00051030055668,0.0156,0.0006000000238418579,45.319059582804,43.950700492488004,26.5,18.899999618530273,10.38317822896389,-31.63404588499219,33.2944470771825,0.0997779443860054
200330001,0.00431254880049,0.00010431521918999999,0.00436894740412,0.00017994468378,0.004200000000000001,0.0004000000059604645,46.17286137640801,44.39125145008799,42.5,38.900001525878906,9.616296303124725,2.7883939436091745,10.012406059227212,0.8030719757080078
200330001,0.00476655301869,9.247836126e-05,0.00506431064083,0.00015702975672,0.0051,0.0004000000059604645,47.074365574704,45.710618222267996,41.20000076293945,34.0,6.786888916587665,-0.4264232468516541,6.800271885396745,0.9159119129180908
200330001,0.01057842659132,0.00015128183612,0.01163945404645,0.00025427822806,0.0113,0.0005,49.26242691403201,45.00550091037599,35.29999923706055,22.5,6.627793509341728,15.579528608716398,16.930713444543688,0.5368945002555847
200330001,0.0062095816132199996,0.00012878055148999999,0.00687134648253,0.00021578474891,0.004,0.0004000000059604645,47.982502706544,46.916082622728005,41.70000076293945,39.400001525878906,6.1683316803098105,-14.31310146629055,15.585665511891536,0.6893811821937561
200330001,0.00855182772848,0.00015349828042,0.008737394955450001,0.00026401674863,0.0097,0.0005,46.133564631300004,44.681178571812,36.20000076293945,24.29999923706055,1.511261620461763,11.605735890558188,11.703717724301931,0.7356871366500854
200330001,0.00128442360715,0.00013761732091,0.00291895230392,0.00019976349600000002,0.0097,0.0005,117.13688331678,39.141321344531995,36.20000076293945,24.29999923706055,1.4892419689629464,11.669194374061007,11.763839954012685,0.733427882194519
200330001,0.006752110836210001,8.402268667e-05,0.00698957138941,0.00014387771359000002,0.0062,0.0004000000059604645,46.093988891952,45.518228512667996,38.0,30.899999618530273,0.28476368906238325,-2.8266325133383035,2.8409402855033323,0.9967297315597534
200330001,0.008840487919559999,0.00019603360407,0.01071853116775,0.00032008200922000005,0.0072,0.0004000000059604645,53.64954395989199,46.088408102472,35.900001525878906,27.0,-0.7620299852419108,-21.9064780510486,21.919727699939877,0.4358353614807129
200330001,0.05903013983344,0.00012126306203,0.05957999007635,0.00020939041467,0.0567,0.0017000000476837158,45.406603387296,44.875268747856005,17.299999237060547,14.600000381469727,-1.354389298919209,9.569438745086426,9.664808509796414,0.8056493997573853
200330001,0.015229294632219998,0.00022743609504,0.01639542553775,0.00038476278468000004,0.0158,0.0006000000238418579,48.01093434828,45.068149874232,29.29999923706055,19.5,-5.76402623927668,23.611211635846683,24.30458374419378,0.3181464970111847
200330001,0.00981238880068,0.00022586024984,0.010231971816829999,0.0003860074125,0.0097,0.0005,46.92052933542,44.680273504992,24.70000076293945,23.899999618530273,-5.1417860865506535,22.67123287499998,23.24698649195681,0.34815263748168945
200330001,0.004796237242850001,9.236865325000001e-05,0.00524100406461,0.00015545130929,0.0045,0.0004000000059604645,48.208564330992004,46.03333886118,44.5,37.20000076293945,-5.547328364726501,-9.012408378190717,10.582829785210777,0.8374680280685425
200330001,0.005091814309479999,0.00015543185846,0.00519454501691,0.00026747566764,0.0041,0.0004000000059604645,46.096642678824,44.569468547856,44.5,38.900001525878906,-8.361147727613073,17.346625717986985,19.256521539376394,0.4727340340614319
200330001,0.0034016984682800006,0.00022535359468000004,0.0035085727118499997,0.00038761234307,0.0045,0.0004000000059604645,48.913246507391996,42.394019031216004,48.9000015258789,37.400001525878906,-7.3330483815884415,22.741400450300738,23.89443677115489,0.3287588655948639
200330001,0.00405793134395,0.00031721780947000004,0.00431466043515,0.00053908946326,0.003,0.0004000000059604645,48.091748382720006,44.333201854512,49.599998474121094,46.79999923706055,-7.420700038042963,31.027491590858645,31.902516017015753,0.1508983075618744
200330001,0.021881319064240005,0.000164275964,0.02186385074307,0.00028465525802,0.023,0.0008000000119209289,45.978548165747995,44.273356289279995,19.399999618530273,16.600000381469727,-12.294623553538935,-18.705446378691708,22.384146193003726,0.3858810067176819
200330001,0.00501351203546,0.00033545798875,0.0058360280579,0.0005543140036699999,0.0036,0.0004000000059604645,51.800110222788,45.104149131659995,44.70000076293945,42.20000076293945,-14.062884625464315,27.988724832546648,31.322979936033484,0.14957207441329956
200330001,0.01404263898457,0.00028261527195,0.014654976733709999,0.00048264444873,0.0141,0.0006000000238418579,45.805232725884,45.79033194691201,26.899999618530273,20.299999237060547,-15.46576272506417,23.72948609604137,28.324451066153003,0.2039940059185028
200330001,0.01895997027789,0.00032781441082,0.01969999766603,0.00056094530916,0.0187,0.000699999988079071,47.162436997284004,44.255310900047995,24.399999618530273,18.100000381469727,-19.825827762245577,25.47723015220593,32.282278521350285,0.12154505401849748
200330001,0.005268466801390001,0.00019120739215000001,0.00528271257715,0.00033118574059,0.0051,0.0004000000059604645,46.720312547687996,43.324278497567995,37.599998474121094,34.400001525878906,-22.031793211136254,9.966486627452136,24.181178793936468,0.3025592863559723
200102011,0.04649640841371,0.00043887944126000004,0.04666494172007,0.0007595678174,0.040999999999999995,0.0012999999523162842,46.26022651146,43.774039852883995,19.899999618530273,17.0,19.88585079263611,19.26201753153947,27.68516286399216,0.15571486949920654
200102011,0.01045663926942,0.00028484299234,0.01245304953097,0.00046811402347000003,0.0126,0.001,53.779573593756,44.975902253436004,31.60000038146973,35.599998474121094,18.14274044506988,-15.44838831280424,23.828753988685875,0.3464813232421875
200102011,0.00623550300726,0.00017773824783,0.00615638737863,0.00030922526077999997,0.0035,0.0004000000059604645,45.569455603272,43.96652210502,46.79999923706055,43.29999923706055,12.877610127486367,-11.017501597948337,16.94749587082162,0.6153784990310669
200102011,0.0181705885573,0.00031195708598,0.02206222354356,0.00050815961555,0.0206,0.0011000000238418578,52.025985757187996,47.519274692808,28.20000076293945,25.0,10.774460606439037,-28.59716090475547,30.55951464636224,0.15694069862365725
200102011,0.03585844887436,0.00010947826758,0.03647111277247,0.00018855843418,0.0324,0.0011000000238418578,45.534549125772,45.220786737084,22.79999923706055,19.0,9.555540268755971,1.281431501174772,9.641079415245953,0.8235936164855957
200102011,0.0323736761085,0.000124306761,0.03310411644425,0.00021371679359000003,0.0329,0.001399999976158142,45.581716994868,45.476799137208005,26.399999618530273,17.100000381469727,8.680538105015133,-5.612130023591174,10.336715061140099,0.8441015481948853
200102011,0.02165460076239,0.00010191177857999999,0.022796937041849995,0.00017361323286000003,0.0216,0.0011000000238418578,47.357850112019996,45.024219564804,20.0,22.399999618530273,2.9172738258546373,-1.0494901225661075,3.1003089891159594,0.9857767224311828
200102011,0.0042775628093,0.00018843908543999998,0.00429530049218,0.00032606043518000003,0.0043,0.0004000000059604645,46.162898715707996,43.882429667147996,41.5,37.099998474121094,-1.068914617495598,19.99207496517109,20.020630034841602,0.44898471236228943
200102011,0.02997312164662,0.00027029856464,0.031070209623679998,0.00046273529573,0.0298,0.001,46.663428167064,44.771546362284,22.399999618530273,19.5,-3.331237112889567,25.174045475847805,25.393493417889005,0.2898893654346466
200102011,0.00709263614249,0.00014150274084,0.00712989373471,0.00024467619683,0.0067,0.0005,45.558829960523994,44.654682089448,43.5,35.400001525878906,-9.540416243607623,3.184506191331629,10.057862384690756,0.8028625845909119
200102011,0.0114233234161,0.00017465376086000001,0.01440455690707,0.00028248028673000003,0.0145,0.001,56.407412480184,45.187748096904,42.29999923706055,26.29999923706055,-14.435162200256551,9.474419847264693,17.26667343815053,0.5400024652481079
200102011,0.04397480795337,0.00035864017723000007,0.04509236532073001,0.00061609441276,0.0385,0.0015,46.080569036520004,44.796731647212,16.600000381469727,19.600000381469727,-14.210427310987988,31.459072285974273,34.51961524350079,0.10519910603761673
200102011,0.04735971773647,0.0002173734488,0.04911813507177,0.00037204206448000006,0.0478,0.0017999999523162845,46.629918842399995,45.034362911592,16.399999618530273,19.799999237060547,-15.1852952797296,0.6463766537525275,15.199045785630902,0.6267995238304138
200102011,0.02272671149712,0.00032976186368,0.02574680928837,0.0005484319046199999,0.0224,0.0011000000238418578,48.794626000044005,47.24396865648,20.0,22.70000076293945,-17.064674252058058,-25.24416954233627,30.470739554488482,0.13699127733707428
200102011,0.03565726037472,0.00027025553111,0.03637645342369,0.00046508349004000004,0.031100000000000006,0.001,46.167752084975994,44.59533245856,21.0,18.899999618530273,-18.556237854522852,18.033727009123822,25.875589164973178,0.25580212473869324
200102011,0.07057667522017,0.00035704923835,0.0740192844512,0.00060887868715,0.0606,0.0018999999761581423,46.957740912648,45.249010604388005,19.399999618530273,14.699999809265135,-24.51225262259007,-2.336501210669056,24.6233562704612,0.29623547196388245
200102011,0.00891609628035,0.0002879829301,0.009397777014889998,0.00049103415035,0.0071,0.0005,48.687662279196,43.853797335564,44.20000076293945,32.09999847412109,-29.150559978135227,-1.5549625958097315,29.19200229106235,0.1779952198266983
191223022,0.0067829233877399996,0.00026293343471,0.00700281379595,0.0004512741515,0.0051,0.0004000000059604645,48.456754054848005,43.54147757106,42.29999923706055,33.400001525878906,17.726746844517514,-21.822915160820674,28.115350945605364,0.21637305617332456
191223022,0.00833316910101,0.00028901459354,0.0071289785806,0.0005280567367200001,0.009000000000000001,0.0005,41.7528030888,41.017122035712,38.0,27.29999923706055,14.329206875906179,28.083583291335568,31.52791227832365,0.1081770732998848
191223022,0.01025357616155,0.00011964018946,0.010377139768379999,0.00020639880596,0.008199999999999999,0.0005,45.430412910588,45.264363027804,30.70000076293945,25.399999618530273,11.4661610960666,-8.118404881583759,14.04923854512792,0.721960186958313
191223022,0.00836238705768,0.00011864051294,0.00819011173082,0.00020695326935000002,0.0075,0.0005,45.322501678920005,43.886227703867995,35.599998474121094,26.5,10.433063080110141,-6.930348265641242,12.525110173556046,0.7742288708686829
191223022,0.00792115909196,0.00011784848119,0.008836100455559999,0.000197052297,0.006999999999999999,0.0004000000059604645,48.987620099748,45.917145373752,31.899999618530273,28.10000038146973,6.039220152480554,10.202112850708428,11.855596973470615,0.7241461873054504
191223022,0.01277346589106,0.00010466712013,0.01294639731889,0.00018048419459,0.0106,0.0005,45.438082419420006,45.02604207816,23.399999618530273,22.200000762939453,3.6763243789661497,7.66637680886106,8.502274513924128,0.8368439674377441
191223022,0.00698481272587,0.00017886074586000002,0.0074896486900000005,0.00030342047959,0.0062,0.0004000000059604645,49.903910065763995,43.90243542043199,31.70000076293945,29.5,-0.911453429472196,-21.36543099955623,21.384863302224396,0.4560677111148834
191223022,0.004447571384060001,0.00011585010395000001,0.00452009187673,0.00019960709249,0.0032,0.0004000000059604645,45.996276388428,45.010009255031996,46.70000076293945,44.099998474121094,-1.4659948571797885,-14.225198633805913,14.300538620143776,0.7318309545516968
191223022,0.006157547649,0.00030561942505,0.005204321287,0.0005613687234,0.004900000000000001,0.0004000000059604645,42.611097257856,39.6326412054,37.5,34.09999847412109,-1.6689136115507441,32.666394777360175,32.70899779208077,0.13673685491085052
191223022,0.00764341372217,0.00021470686412,0.01113072359849,0.00033233850836999996,0.0093,0.0008999999761581422,60.17050170604799,48.605785907472,42.29999923706055,31.70000076293945,-7.137483276338407,19.99622893901123,21.23186908314286,0.4080950915813446
191223022,0.011188173682940002,9.605058826999999e-05,0.011100463480540002,0.00016682585062000003,0.0096,0.0005,45.606075359688006,44.133478016652,32.5,23.5,-8.492526403215756,-4.3223098548457015,9.529183028252826,0.8447962999343872
191223022,0.0066870750517,9.757731376e-05,0.00708920901892,0.00016582706292999998,0.0071,0.0008999999761581422,47.33544869103599,45.45473479326,47.9000015258789,31.70000076293945,-8.356538869939403,-5.3822946307034245,9.939858163885939,0.8361863493919373
191223022,0.01950134815389,0.00018852459735,0.01960299831154,0.00032597649586000004,0.0175,0.0008999999761581422,44.97167103804,44.881973719452,22.70000076293945,18.600000381469727,-10.827751850604873,20.457898607875602,23.14658596002603,0.34475964307785034
191223022,0.01512411795807,0.00014981409162,0.01612089977519,0.00025409531809,0.0135,0.0006000000238418579,46.938353304708,45.961481026476,26.79999923706055,23.20000076293945,-18.654501342687787,1.3344135637578314,18.70216731894964,0.4943430423736572
191223022,0.01976683391518,0.00024002454778,0.020445134406470004,0.00041129703982,0.0172,0.0006000000238418579,47.133996422832006,44.35449633467999,25.0,20.299999237060547,-22.747301644107967,4.56171871030919,23.20018762805531,0.3351563215255737
191223022,0.0089290593424,0.00031600661624,0.00954072539494,0.0005359920463899999,0.0075,0.0005,48.359729859192,44.672202913031995,48.9000015258789,39.20000076293945,-24.945043311549725,3.950227058366384,25.25587467812825,0.2742728888988495
191223022,0.00835350654933,0.00033535496342,0.010952948425080001,0.00053458370874,0.0066,0.0004000000059604645,55.84105281286801,47.32185792276,42.70000076293945,29.0,-28.16009639122436,11.779145823185566,30.524354239665012,0.14502134919166565
191223022,0.1921845564781,0.00032206877721,0.20905371006601003,0.0005426544190499999,0.162,0.004900000095367432,47.575757193588,46.546061816843995,19.399999618530273,17.0,-29.52222207802229,-12.413244695622671,32.025715485607954,0.11622229218482973
200110008,0.01200268448508,0.00021076817694999997,0.012405533626270001,0.00036115580910000005,0.0134,0.0006000000238418579,46.773089541900006,44.927238328848,27.0,20.299999237060547,21.294986620179152,-10.402622382598793,23.699992056362767,0.3337410688400269
200110008,0.0053675928323100005,0.00019774580231,0.005382761142459999,0.00034219841015,0.004200000000000001,0.0004000000059604645,45.440380802448,44.787692256228,40.0,37.5,21.05648475768168,-5.600211780014046,21.78847241379684,0.3866013884544373
200110008,0.025312153954439996,0.00015460753344,0.02550645044967,0.00026711033887,0.019600000000000003,0.000699999988079071,45.409204967004,44.998869340188,24.60000038146973,17.600000381469727,17.373429583496197,-3.529881526784015,17.72839566933122,0.5392095446586609
200110008,0.012191198366629998,0.00016607732609,0.01306787706575,0.00028128762951999995,0.0103,0.0005,48.019438409436,45.17532809946,24.60000038146973,22.70000076293945,17.47455322499749,1.6783890012471812,17.5549701164837,0.5172238945960999
200110008,0.02769833626613,0.00014028526288,0.028993565497070002,0.00023940362111999998,0.025,0.0008000000119209289,46.98917598816,45.067675632552,24.20000076293945,16.5,14.866905956085652,2.548859436720833,15.08381704458037,0.6138390898704529
200110008,0.00627984885777,0.00012132307215000001,0.0065084989524,0.00020777802078,0.0063,0.0005,47.181901004244004,44.519914559376,43.29999923706055,33.799999237060554,13.255873963425485,-2.2028792245041657,13.437665249632266,0.7080139517784119
200110008,0.06660799781064,0.00030107440956,0.06686551014602,0.00052083449981,0.0595,0.0017999999523162845,45.147552539328004,44.657705142828,17.200000762939453,15.600000381469727,13.520264075761313,21.814872210630003,25.66483463065493,0.2292564660310745
200110008,0.00995602122925,0.00029364735543,0.01015303741956,0.00050538650444,0.0078,0.0004000000059604645,45.704991865752,44.770489040592004,26.79999923706055,25.899999618530273,11.663947151005928,24.280601154043087,26.93683339374056,0.20723490417003632
200110008,0.010791197617610002,0.00015254998611,0.01105966246108,0.00026209018778,0.0097,0.0005,45.969077618712,45.432538260912,36.099998474121094,34.299999237060554,9.63762774667724,-16.424322799740946,19.043149458376295,0.551245391368866
200110008,0.06621460602557,0.00025374998907,0.07239858098113999,0.00042711518668000006,0.0593,0.002200000047683716,48.716646701652,45.892393679268,18.399999618530273,18.399999618530273,8.045217060131776,-25.29518984476244,26.543755927075814,0.27603718638420105
200110008,0.019960432356159998,0.00025414769599,0.02200309426555,0.00042671958321,0.0179,0.001,49.07740950125999,45.924906948515996,24.70000076293945,21.399999618530273,6.873812054190988,-25.152027761628585,26.074373426566623,0.29149454832077026
200110008,0.013050526905459998,9.017571313000001e-05,0.01463054145733,0.00015065197868000002,0.0122,0.0005,49.942523430828,45.335382313932,25.0,21.0,1.99729469639801,6.9708428137904095,7.2513329927237695,0.8744588494300842
200110008,0.02310296190998,0.0002701754843,0.024031188479669997,0.00046214436669000003,0.0209,0.000699999988079071,46.729759435164006,44.551580899536,23.5,17.299999237060547,1.9202357009067537,31.01580106713513,31.07518497024825,0.15852713584899902
200110008,0.00775569535946,0.00011685776281,0.00781876615519,0.00020187027019999998,0.0062,0.0004000000059604645,45.681918978636,44.88892349364,32.59999847412109,30.20000076293945,-2.7686681488442657,-11.673040830996332,11.996890267897047,0.8067202568054199
200110008,0.041514615338230004,0.00010931678588999999,0.04167879835453,0.00018909435097000003,0.038200000000000005,0.0012000000476837158,45.015555522276,44.955050118227994,19.600000381469727,16.5,-3.4575640401770973,12.140569745316565,12.623317041632257,0.7088496685028076
200110008,0.00907298455557,0.00016941098203999998,0.00930054148274,0.00029104005522,0.0086,0.0005,45.62398039212,45.156843745056,39.099998474121094,25.20000076293945,-3.458418634034968,19.883500705057052,20.18202483304749,0.444188117980957
200110008,0.06025523304772,0.00011508676158000001,0.06138714884007,0.0001981192905,0.0545,0.002,45.858849051168,45.140884934832,14.800000190734865,14.800000190734865,-4.953875659372879,-8.955802423722147,10.23460920522605,0.8491814136505127
200110008,0.026099096319479997,0.00023480091050999999,0.028242526674230002,0.00039664922363999997,0.0247,0.0011000000238418578,49.199324894748,44.963196003828,21.799999237060547,20.299999237060547,-5.360835860913193,-24.689021990941896,25.264320175055172,0.30564412474632263
200110008,0.00801852569744,0.00012758722273000002,0.00852492385861,0.00021658620947,0.0077,0.0005,46.913244633216,46.06704283535999,36.400001525878906,26.399999618530273,-10.454199666999411,-10.026024373103343,14.48485918274472,0.6861696839332581
200110008,0.00348724791228,0.00014081560338999996,0.00361988362538,0.00024106426785,0.0036,0.0004000000059604645,47.567739018456,44.394642379944,44.29999923706055,41.0,-10.923022804708552,-12.047847292792099,16.262304975448828,0.6207246780395508
200110008,0.01196343635319,0.00010331853804999998,0.01231970601726,0.0001772324141,0.0099,0.0005,46.22663396239199,45.037620317556,24.5,23.10000038146973,-12.150683381117556,4.268313509100284,12.878568669476394,0.7048357129096985
200110008,0.012139758724159998,0.00021485736355000002,0.01213401142951,0.00037220617975,0.0097,0.0005,45.302341983912,45.016176450168,30.899999618530273,28.60000038146973,-12.854184934941726,-19.541313322335746,23.389981126044102,0.3502655327320099
200110008,0.03817264433764,0.00018862289876,0.049826677737269995,0.00030207868095,0.049100000000000005,0.0017999999523162845,57.910768091244,45.790422704676,37.400001525878906,21.0,-20.12770691112384,-8.313661772142227,21.777069770355805,0.3914349377155304
200110008,0.011700795255790002,0.00026041592597,0.011567575183590001,0.00045318938381,0.0099,0.0005,46.16657215776,42.995510265132,24.60000038146973,23.10000038146973,-22.07272910560966,22.782350675728416,31.721187556087127,0.1251569539308548
200110008,0.02937461170238,0.00027087367593999997,0.028876835297009996,0.00047190544997000006,0.0216,0.000699999988079071,45.156002237496004,44.44688427361201,19.799999237060547,17.0,-24.11766279050584,-21.20995008840256,32.117226853705674,0.10362870246171953
200110008,0.009334745542409999,0.00022761430853,0.009206651171489999,0.00039624504446,0.0078,0.0004000000059604645,45.971935276787995,43.616919441996004,26.79999923706055,25.899999618530273,-25.502963115947637,-10.177598694333213,27.45874619593063,0.21485185623168945
191222001,0.014322109319469999,0.00020779530425999997,0.014142557189709998,0.00036146901235999996,0.013000000000000001,0.0005,45.272210411808004,44.424844343496005,21.700000762939453,20.799999237060547,21.343725838904916,-13.696525926256829,25.36034393908319,0.28505757451057434
191222001,0.03293104553548,0.00016858498066,0.03327341131937,0.00029099914908,0.033100000000000004,0.001399999976158142,45.509616999828,44.97750477882,25.79999923706055,15.800000190734865,19.549478274864647,-0.8912594048919098,19.56978373880496,0.4492046236991882
191222001,0.01241287991229,0.00017048439237999998,0.012870713444290001,0.00029183657829000005,0.0112,0.0005,46.79151824862001,44.82262674154801,28.5,22.200000762939453,18.70718708165068,2.8098684711840143,18.91703283816832,0.4587420523166657
191222001,0.00619939898008,0.0001413559828,0.0062240837314,0.00024453502103999997,0.0058,0.0004000000059604645,45.865350579456,44.476206724116004,32.700000762939446,31.20000076293945,15.483819454768376,-8.03561280617168,17.444749967717993,0.5768751502037048
191222001,0.044116413424300005,0.00016937681097,0.04405216754796,0.00029351642895,0.0379,0.0012000000476837158,45.20181169944,44.53774337898,20.5,18.700000762939453,13.410957822342267,10.639623877957867,17.118843761286975,0.5119142532348633
191222001,0.011011357562180002,0.00010468225932999999,0.011253851314100002,0.00018002425386999998,0.0113,0.0005,45.953171841528,45.06565423554,33.5,22.299999237060547,10.346197152625564,-1.5126259517790317,10.456186010345052,0.8129752278327942
191222001,0.012997907742790001,0.00014625461584,0.013680280720899999,0.00024907945601,0.0128,0.0006000000238418579,46.345286654172,45.73661600142,25.20000076293945,21.100000381469727,10.691407246628431,13.277692255816858,17.047074005917032,0.5191131234169006
191222001,0.02101086947934,0.00014617961404,0.02127354813974,0.00025214761387,0.0199,0.000699999988079071,45.728718120864,45.124698788424006,24.29999923706055,21.600000381469727,9.692357090328782,-15.312990890325016,18.122606177377484,0.5872818827629089
191222001,0.010668927513749999,0.00019257428778000001,0.01046296463184,0.00033581166452,0.0092,0.0005,45.44310530278801,44.131575204108,35.79999923706055,28.79999923706055,9.188499110809751,-23.33674561234479,25.08048872724158,0.32442718744277954
191222001,0.03857067083543,0.00025237722915,0.03869189283418,0.00043670954428,0.033100000000000004,0.0011000000238418578,46.0761910965,44.582483455200006,20.100000381469727,15.699999809265135,7.084667050672302,-26.60199082354539,27.529210325599422,0.24584437906742096
191222001,0.01917656521793,8.964917844e-05,0.01924889826779,0.00015508512508000002,0.0194,0.000699999988079071,45.453589971191995,44.85137956398,23.79999923706055,18.200000762939453,-3.35485359341321,-7.084635792332456,7.83881949081941,0.9168351292610168
191222001,0.0085047603786,9.773892223000001e-05,0.00862381775848,0.00016851453196999999,0.0076,0.0005,45.64178978004001,44.80667735544001,29.79999923706055,27.20000076293945,-4.2609609589138975,9.766021023800683,10.655088272277084,0.7761295437812805
191222001,0.00860908608959,9.319591118e-05,0.008870497164049999,0.00015983441211000002,0.0079,0.0005,45.983072109851996,45.25067586974399,29.0,26.79999923706055,-5.049949686772866,6.62792301973754,8.332546057264787,0.8486223220825195
191222001,0.00947573396344,0.00030082012591,0.010487633867459998,0.00050416586714,0.0051,0.0004000000059604645,48.2059299465,45.880795182852005,35.70000076293945,33.700000762939446,-8.13003648040807,32.4139941961179,33.41799745866138,0.12719926238059998
191222001,0.04656913748292,0.00015443541649,0.04701504873721,0.00026665762877,0.0442,0.001399999976158142,45.504279470844004,44.768395603332,16.100000381469727,14.899999618530273,-12.521243136111648,8.60231360830035,15.19147793521983,0.6176184415817261
191222001,0.017825320538169997,0.00013716871238,0.018531117308709998,0.0002345677075,0.0146,0.0006000000238418579,46.5104820141,45.482858726148,25.70000076293945,23.60000038146973,-14.076137369062922,-11.5413690845682,18.202749769381942,0.5330770015716553
191222001,0.013535988380559999,0.00011977598879000002,0.01376178164068,0.00020633244338,0.0124,0.0005,45.82885705164001,44.817992134128,22.60000038146973,21.399999618530273,-14.461868500258785,5.701887640639668,15.545319919475538,0.6065483689308167
191222001,0.01634208828333,0.00016543370315,0.01667361211641,0.00028463609591000005,0.0157,0.0006000000238418579,45.428758249679994,45.180593440488,25.70000076293945,22.899999618530273,-14.382056496670339,16.04321353226694,21.54592183932905,0.3884617984294891
191222001,0.05394994638069,0.00031133231983999996,0.05899596606487,0.00052374358066,0.0535,0.002,48.083478769224,46.455023864664,17.200000762939453,20.200000762939453,-16.827628399694053,-20.565559607511577,26.572691650051013,0.2390922009944916
191222001,0.01569057495088,0.00031414318531,0.01814768701034,0.00052003884586,0.0158,0.0006000000238418579,51.606789853788,45.794278639152004,28.0,19.299999237060547,-17.625810687266416,-21.315485181686448,27.65890687726536,0.20730790495872495
191222001,0.00828391456553,0.00022586528496000002,0.00812088856136,0.00039394057755,0.0077,0.0005,45.913163657328006,43.584852909564,28.20000076293945,26.60000038146973,-20.323036438080802,-19.046981230173053,27.85334948845625,0.2005897015333176
191222001,0.012745270837100002,0.00021057612090000002,0.01304702242036,0.00036195196548,0.0109,0.0005,46.135798769088,45.183648270384,23.29999923706055,22.70000076293945,-21.442382235164406,-13.284337810665038,25.223938995469474,0.27675604820251465
191222001,0.00724123410557,0.00020745769174,0.00778775522047,0.0003510841068,0.0072,0.0005,48.413657875931996,44.765931605616,41.29999923706055,28.79999923706055,-21.99427999200173,11.816701485459815,24.967596623335837,0.27838134765625
200110007,0.0211132330741,0.00021286166049,0.02281617262861,0.00035966696769000004,0.0207,0.000699999988079071,48.429011863224,45.189804089988,22.0,20.399999618530273,23.715804245725952,-0.2268114576631966,23.71688878505856,0.2935657799243927
200110007,0.024860142473269998,0.00024169225825,0.02420728865009,0.00042241470539,0.0209,0.000699999988079071,45.182055362544006,43.843131176472,18.5,17.5,17.58580033467948,-23.96348585520104,29.723795495698237,0.1696920394897461
200110007,0.0059531707967200006,0.00023274992046,0.005135545149,0.00042410088101,0.0068,0.0005,42.509361708432,40.904279151264,48.0,29.29999923706055,14.850084168773654,24.65145724218266,28.77873458163263,0.15530456602573395
200110007,0.01771151542678,0.00013507015473,0.02301078975975,0.00021529205648,0.0227,0.001399999976158142,52.529456922948,50.071068418428,28.20000076293945,24.899999618530273,14.200307005548902,1.391905131434708,14.268360379792677,0.6519157290458679
200110007,0.014507327140510002,0.00021435770209000002,0.01467543756481,0.00036986368969000005,0.0121,0.0005,45.482249586528,45.267878321388,24.60000038146973,21.600000381469727,4.817518714983271,-26.457726609129338,26.89273741480155,0.2638579607009888
200110007,0.007795065114240001,9.020209217e-05,0.00839246389013,0.00015258959280000002,0.0073,0.0005,48.312369858924,45.18153797508,41.20000076293945,32.59999847412109,4.622450164034412,-6.335801221117053,7.842792770442463,0.9261059165000916
200110007,0.02655827592034,0.00020737571247,0.027038912674930003,0.00035713537445999997,0.0193,0.000699999988079071,46.446347777796,44.60365876374001,18.399999618530273,17.899999618530273,3.4129472404817096,-25.27714366657497,25.506508794618235,0.30801668763160706
200110007,0.060370065328589996,0.00024897242632,0.06001527799908999,0.00043211253166,0.0577,0.0017999999523162845,45.27840740281201,44.281607061996,16.299999237060547,16.100000381469727,2.684664198603535,21.38990398961419,21.557720694316508,0.3919350206851959
200110007,0.02277134300199,0.00011313070938,0.02334272398711,0.00019435837889,0.0204,0.000699999988079071,46.072837733184,45.146531294640006,26.60000038146973,21.299999237060547,-1.8241782725978304,-10.640527580532943,10.795760414892387,0.8465594053268433
200110007,0.03494366382772,0.00011390746968999999,0.035324714495629995,0.00019658941094,0.0357,0.0011000000238418578,45.636436462860004,44.965531045620004,18.0,15.800000190734865,-3.745601648219848,-12.724135241094821,13.263976978052291,0.759357213973999
200110007,0.0671128820154,0.00012390121857,0.06829407439375,0.00021337055987,0.064,0.002,45.797629435560005,45.074376184536,19.799999237060547,19.5,-4.330867101080041,-9.293824307562296,10.253366979287039,0.852554202079773
200110007,0.02159210625084,0.00026926261744,0.02185867635311,0.00046448422732,0.0224,0.0011000000238418578,45.495444035880006,44.793827610912,18.5,24.79999923706055,-5.1886053131002035,31.43392039584107,31.859256523851727,0.1538628339767456
200110007,0.02822570308561,0.00028869174137,0.02794248554833,0.00050171910582,0.0289,0.001,44.873353286063995,44.385546545712,17.700000762939453,16.0,-6.946398354747753,34.55935778490469,35.25053240897668,0.10603523254394533
200110007,0.01325137225323,9.109664726999999e-05,0.013435197940110001,0.00015706543522,0.0125,0.0006000000238418579,45.55264006540801,45.037666337147996,29.5,21.399999618530273,-7.570662327628693,3.882734180830788,8.50826236236878,0.8483821153640747
200110007,0.00514164772962,0.00010476711269,0.0056228831337899994,0.0001762195192,0.0048,0.0004000000059604645,47.505634129728,46.643168898468,40.0,35.20000076293945,-11.485616730708792,-3.0074219505836366,11.872823793024425,0.7581713795661926
200110007,0.00687314504788,0.00031525895877,0.00753182894748,0.00053003799151,0.006999999999999999,0.0004000000059604645,47.93900168574,46.094956281432,30.60000038146973,28.5,-13.12515430784774,22.340016882484942,25.91029920577807,0.2655049562454224
200110007,0.03046188517281,0.00034048709001999997,0.03428555493616,0.0005684596418400001,0.0313,0.0012999999523162842,50.583571335,44.814216947220004,22.0,19.0,-13.834198105184313,28.82452227682941,31.972388660645162,0.14098264276981354
200110007,0.10526751179314,0.00022608362889,0.10572777060607999,0.00039104302671,0.1072,0.003200000047683716,45.633822218604,44.7319412361,16.5,14.5,-13.973841045296691,-18.989408236088263,23.576765526286273,0.3382454514503479
200110007,0.04892363639869,0.00012148315868000001,0.04955572465884,0.00020952068887,0.046700000000000005,0.0015,45.359533193904,45.130140722592,16.600000381469727,16.299999237060547,-15.324980664565055,10.573822217683206,18.618807911356896,0.4902360439300537
200110007,0.02659836237514,0.00012927698537,0.02679535272363,0.00022337834644,0.025,0.0008999999761581422,45.680624570844,44.701242436944,22.399999618530273,16.600000381469727,-16.10519360633063,-5.0370852671763515,16.87451639210022,0.571958065032959
200110007,0.01023418432516,0.00025900637884,0.01277336719664,0.00041931798844,0.0124,0.0008999999761581422,54.71851547592,46.029592591308,26.60000038146973,30.5,-18.9727675902243,18.483588593901825,26.487836616869288,0.2395106852054596
200110007,0.020661372507130002,0.00020502327471,0.021091682564619997,0.00035268751899000003,0.0201,0.000699999988079071,45.590876045856,45.452859417756,22.5,17.700000762939453,-19.449952290082948,-12.7163657783455,23.23800501921209,0.34197431802749634
200110007,0.009057806630159999,0.00024023511721000003,0.01005895138161,0.00040346519252999996,0.0113,0.0005,51.337485606744,43.874489240172004,33.0,22.399999618530273,-24.7201218923732,-8.165646424113914,26.03384448455695,0.2542819976806641
200201046,0.00363490600528,0.00017952543805000001,0.00379417050469,0.00030661323516000005,0.0037,0.0004000000059604645,46.561071376583996,45.393943252212,43.0,40.70000076293945,20.17587647399005,0.2354880704390781,20.177250692014468,0.4209123253822327
200201046,0.0032790964262199994,0.00017496331737,0.0035478787799399997,0.00029545125313999997,0.0038,0.0004000000059604645,48.494238646068,45.424878159239995,44.5,40.70000076293945,15.788410090880374,-12.846034301205174,20.35419687012939,0.4792686998844147
200201046,0.00564116065056,0.00028019100169000003,0.0061895260312600005,0.000471211499,0.005,0.0004000000059604645,48.83378122458,45.009546650964005,36.20000076293945,33.700000762939446,12.957819215270536,26.351037456046022,29.36458692655348,0.15055745840072632
200201046,0.00495463647493,0.00025214593826000003,0.0044701578292,0.00045334078772,0.004900000000000001,0.0004000000059604645,45.260845763184,39.957630694092,35.599998474121094,34.09999847412109,12.38650273027871,24.62936942604535,27.56861736043989,0.1899852156639099
200201046,0.00405522013433,0.00025111837161000003,0.004312869929069999,0.00042628450266,0.004,0.0004000000059604645,47.059097692032005,45.314444778984004,40.900001525878906,38.599998474121094,10.203249509880623,24.098858982557665,26.16982230575639,0.2314714193344116
200201046,0.02701738394616,0.0001892855447,0.02705933808144,0.00032774500549000006,0.0268,0.0008999999761581422,46.202944253328,44.279153939484,23.899999618530273,21.0,6.3147381449502396,-20.715041803109557,21.656139824856787,0.45314821600914
200201046,0.021799599493650002,0.00019129300798,0.022808085997959998,0.00032646385129,0.0206,0.000699999988079071,47.197080956304,45.305657574336,24.5,20.399999618530273,5.693052441954517,-21.964525842204495,22.690323941090625,0.4147507250308991
200201046,0.0082897018335,9.775111193999999e-05,0.0083131874661,0.00016915158372000002,0.0064,0.0004000000059604645,45.233021187324,44.7724615293,31.60000038146973,29.399999618530273,6.429412273796373,6.58709590917083,9.204733788297704,0.8163449168205261
200201046,0.0670255656211,0.00011235986509999999,0.06789179739854001,0.00019379260589,0.0717,0.002200000047683716,45.91224315432,44.912253325680005,16.600000381469727,15.899999618530273,4.211467951512516,-12.622419944028026,13.306459628517544,0.7748966813087463
200201046,0.00608695510782,0.00019093403583000002,0.0063265273485600005,0.00032653074664999997,0.0053,0.0005,46.203139537488006,45.153221625036004,46.5,45.20000076293945,4.307201977135718,21.431485845306284,21.86001679022174,0.3771820664405823
200201046,0.00404554577207,0.00018665176159,0.00384437115926,0.00032893156999999997,0.0032,0.0004000000059604645,44.263111561920006,43.115804317152005,47.29999923706055,44.599998474121094,4.484087794260383,20.092342231022165,20.586622615785608,0.4168521165847778
200201046,0.00734889595083,8.920455839e-05,0.008187626220229999,0.00014931741169999999,0.0064,0.0004000000059604645,49.64421997324799,45.358139766204005,42.5,30.0,1.5557192493335152,4.640942331353571,4.894752969802996,0.9314302802085876
200201046,0.01591992158722,0.00024915621806,0.01986045023059,0.00040368056819,0.0154,0.0008999999761581422,55.70362173636,45.861407278092,29.29999923706055,21.899999618530273,0.9842313768526648,-26.608696953016548,26.62689327720055,0.2730231285095215
200201046,0.13519517360545,8.414104520000001e-05,0.13624146534746,0.00014536383475,0.1201,0.003599999904632569,45.432311690412,45.013580818884,16.899999618530273,15.100000381469727,-6.400412558196924,-5.162549745729245,8.222966009754781,0.889882504940033
200201046,0.014377359273940002,0.00013278954862,0.014667036672650001,0.00022848611475999997,0.012,0.0005,45.845819317764,44.896915772532,22.70000076293945,21.299999237060547,-14.906346375864814,8.745079851883542,17.282219319272265,0.5385724902153015
200201046,0.07270189146060001,0.00017772035468000002,0.07394304561165,0.00030609378561,0.0669,0.002,45.500604944868,45.45442428336,16.0,14.399999618530273,-16.121646491938133,-9.931947733032002,18.93542574772152,0.5016469955444336
200201046,0.007679234537609999,0.0001493526195,0.00821863291838,0.00025298920915,0.0051,0.0004000000059604645,46.920684908591994,46.022085834228,34.799999237060554,33.200000762939446,-16.79960369282695,8.797777894033615,18.963833050669926,0.4777331352233887
200201046,0.01086019062523,0.00015353387541,0.011374411864110002,0.0002620405449,0.0088,0.0005,47.616438458988,44.486918169408,31.399999618530273,24.899999618530273,-18.77979325549729,2.963876313890828,19.012235800633864,0.481028139591217
200201046,0.00941711831836,0.00017024998819,0.00931381402566,0.00029611214717999997,0.0085,0.0005,46.115511615756,43.39699729182,35.400001525878906,25.79999923706055,-20.621311172858068,1.8806417121218884,20.706888837211064,0.4206893444061279
200201046,0.01135362171931,0.00022571673779,0.01089893613298,0.00039640157668,0.0085,0.0005,44.518254860412,43.407035489376,27.70000076293945,25.29999923706055,-21.069938585068343,14.497987616475454,25.575991182641626,0.25974830985069275
200201046,0.08764542428621001,0.00033925175244,0.08425610602189999,0.0005955498107899999,0.0952,0.002900000095367432,44.922732351659995,43.719644355084,17.600000381469727,15.199999809265135,-23.727838663984045,-20.931442032063288,31.64061686800141,0.1134801134467125
200201046,0.00927796201333,0.00033831111409,0.03187214742768,0.00042893979664999996,0.0952,0.002900000095367432,115.28519005836003,60.878133029771995,17.600000381469727,15.199999809265135,-23.753888112599984,-20.925559190996523,31.656267296348762,0.11253824830055237
200402015,0.0088303321054,0.00023229977544000002,0.00851559694408,0.00040763396908999994,0.0056,0.0004000000059604645,45.61494743739601,42.724687615632,33.700000762939446,32.59999847412109,26.15304676901843,7.653473761513827,27.249887814058503,0.16498544812202454
200402015,0.03033436117634,0.00018909861114,0.030759454387849997,0.00032602755719000003,0.0259,0.0008999999761581422,45.578745767808,44.96592271896,16.700000762939453,16.5,19.0695600665708,7.137577606071505,20.36154740388713,0.3878611624240875
200402015,0.01340733778644,0.00022909787697,0.015339470197900001,0.00038110776206,0.0137,0.0006000000238418579,51.898542060024006,44.419736410056,32.0,24.70000076293945,13.870853767478499,18.606041572211236,23.207401590274024,0.2957136034965515
200402015,0.012083006875120001,0.00014366377373,0.011944969845760002,0.00024981177149,0.0097,0.0005,45.130149976535996,44.273989731852,24.399999618530273,24.10000038146973,12.665399274147575,7.026215594693865,14.483777856389256,0.624821662902832
200402015,0.00742693836604,0.00017202549962000001,0.01012822879121,0.00027094576708999995,0.0078,0.0005,56.99162195222401,48.261459725892,39.900001525878906,27.60000038146973,8.91852770234835,14.911739878428605,17.375258954159218,0.5139279961585999
200402015,0.00687571926432,0.00017059957269999998,0.00930617568486,0.00027047083414999997,0.0061,0.0005,59.564326153500005,45.817131990384,43.29999923706055,31.29999923706055,10.575996723614377,15.997461115017016,19.177321539958637,0.4437022507190704
200402015,0.01490549662672,0.00025398102723,0.0139716723129,0.00044982250654000005,0.0148,0.0006000000238418579,44.526254818392,42.3118521747,30.20000076293945,21.799999237060547,6.71008277070796,28.028743843077727,28.820733760951423,0.1870627850294113
200402015,0.01312949947349,0.00022060337415,0.01356520810476,0.00037803753173000005,0.0127,0.0006000000238418579,46.690990478208,45.130727545056,24.20000076293945,21.299999237060547,6.127520527496281,-26.159772806238774,26.86781525113151,0.266114741563797
200402015,0.014864488430260002,8.83885298e-05,0.014968736846440001,0.0001527423267,0.0125,0.0006000000238418579,45.47350764702,44.902338746724006,24.10000038146973,21.399999618530273,4.7957494454056135,-4.819387219955394,6.798947775350754,0.9435580372810364
200402015,0.00973431463942,0.00024111653949,0.009718665867870001,0.00041802099693999997,0.0078,0.0005,46.413547499304,43.932156551999995,36.70000076293945,31.0,2.5401508588777606,-31.174522209788893,31.277835994924178,0.14334705471992493
200402015,0.01357656257365,0.00030352974694,0.01395477899576,0.00052179925888,0.0128,0.0006000000238418579,47.71591241507999,43.21399245094801,22.299999237060547,21.200000762939453,1.1140794106486311,35.20942148385935,35.22704203821062,0.10137978196144104
200402015,0.017552365235369998,0.00030688985695999995,0.01895007444385,0.00051923139838,0.017,0.000699999988079071,49.098251749427995,44.115367119228,25.899999618530273,23.0,1.916241796857,34.97901320097649,35.03146043796607,0.10189417004585266
200402015,0.041482579540449996,0.00012720544927,0.04379317110914,0.00021651413942,0.0389,0.0012000000476837158,47.434713273288004,45.004109509836006,20.899999618530273,17.399999618530273,1.1545269730963053,5.268437921355897,5.393456184977175,0.9193265438079834
200402015,0.015267115797190001,0.00012838669843,0.01878516035121,0.00020897286597999998,0.0156,0.001,54.911603170368004,45.269876100168,26.20000076293945,27.5,-1.6945403970713206,8.626781637490442,8.791633667914754,0.8321112394332886
200402015,0.01671639366042,0.00011168160307,0.01882414737183,0.00018639437411000002,0.0144,0.0006000000238418579,50.410642383864,45.173599112232,27.79999923706055,20.200000762939453,-11.663922410383735,5.085115949718389,12.724204925739274,0.7109664082527161
200402015,0.02449103884414,0.00023410972327,0.025132516668679997,0.00040216889029999996,0.0306,0.001,47.001049558308,44.50055575464,17.899999618530273,15.899999618530273,-14.81521699380559,-23.8222462310326,28.053280677535067,0.1997396945953369
200402015,0.01116309746857,0.00024323582180000002,0.01123117421045,0.00042062765362,0.011000000000000001,0.0008999999761581422,46.601058716640004,43.981830549252,29.60000038146973,29.70000076293945,-17.722638132904862,-21.967526626796804,28.22516347751713,0.1920827329158783
200402015,0.01722007276082,0.00015808894724000003,0.01727671862464,0.00027355258654,0.013800000000000002,0.0006000000238418579,45.7357401054,44.4513986451,31.0,24.5,-18.385450896860547,-2.371688280904986,18.537789953338844,0.5049953460693359
200402015,0.011474715774690001,0.00026148305494,0.01154780723044,0.00045280225737,0.0102,0.0005,47.949974013887996,42.734309223888005,28.0,23.60000038146973,-22.08286353995743,-20.106104122832374,29.864740494476752,0.14897410571575165
200402015,0.08360238545215,0.00056851622512,0.08563259195939,0.00097705211569,0.07400000000000001,0.002299999952316284,46.272081041136,44.889860890548,18.899999618530273,18.100000381469727,-31.91135978074801,-4.999667785236769,32.30063223914904,0.1185728758573532
191121046,0.03298720951412,0.00014295717175,0.03268133266969,0.00024838090533,0.027999999999999997,0.0008999999761581422,44.950532550552,44.80886418696,17.899999618530273,16.200000762939453,17.675720392297297,-12.27379460282225,21.519196030750017,0.4266509711742401
191121046,0.01161798890291,0.00020062869038,0.01158436962351,0.00034796477283,0.0102,0.0005,46.000378836,44.16005925035999,25.10000038146973,23.60000038146973,17.583858878083614,-18.683754816705548,25.65680694829743,0.2901829183101654
191121046,0.061170962574349994,0.00011551961303,0.06181580456065,0.00019938987949000002,0.0562,0.0017000000476837158,45.451894543308,45.095115515508006,17.799999237060547,15.899999618530273,14.249292354661382,-4.9871639573253805,15.096820675493767,0.6581637859344482
191121046,0.45198435329691,0.00049187758682,0.45573450033607,0.00084962996109,0.4226,0.015,45.575769990996,45.214891849152,14.0,18.799999237060547,11.682860344057904,-28.370025086590275,30.681337173197303,0.1537679135799408
191121046,0.0057561652072,0.00023386538234,0.0056125714827200005,0.00040939383054000003,0.0043,0.0004000000059604645,46.531628716247994,42.012164073312,45.4000015258789,37.5,7.025798457585554,31.431659374441878,32.207292334205405,0.12665584683418274
191121046,0.0297245351635,0.00010054570009,0.029587952019380002,0.00017441826247999997,0.027600000000000003,0.0008999999761581422,45.088249311000006,44.840165242032,17.799999237060547,16.100000381469727,4.202047363999963,-9.354149897593565,10.254622312816027,0.8685578703880309
191121046,0.006957397560039999,7.888126873e-05,0.007018065791890001,0.0001362361554,0.0061,0.0004000000059604645,45.485912155284005,44.92216692414001,37.20000076293945,30.0,4.323479416952808,-1.0163152374415725,4.441325296136951,0.9674487113952636
191121046,0.06692748695404,0.00010044540757999999,0.06790088958394999,0.00017315204450999997,0.0629,0.0018999999761581423,45.925755080112,44.93198233602001,20.700000762939453,17.700000762939453,2.4044908773829707,-13.71545667117172,13.924629165699313,0.7513362169265747
191121046,0.01119608282747,0.000192850665,0.011924834059030002,0.00032751171198,0.0099,0.0005,48.120165547595995,44.450068595615996,23.60000038146973,23.10000038146973,-0.7809067135659638,26.230074062368608,26.24169561554068,0.2641251087188721
191121046,0.0034192574036100002,0.00015713074729,0.0034435155569,0.00027169835147000004,0.0039,0.0004000000059604645,46.57777229502,43.47907057224,40.599998474121094,38.599998474121094,-5.419172111012911,22.008801579281982,22.666150359010853,0.3653863370418549
191121046,0.00832408391518,0.00011115129348999998,0.00838340951704,0.00019207155333000002,0.0065,0.0004000000059604645,45.301617353304,44.795177490095995,33.799999237060554,28.79999923706055,-7.152094279489943,15.671011462365739,17.22593099136054,0.545751690864563
191121046,0.0070009761195,0.00016040155545,0.0068772307339499995,0.00027951154287,0.006,0.0004000000059604645,45.351945122580005,44.153083073556004,32.900001525878906,31.20000076293945,-10.268774298151008,-20.478553013533414,22.908898092723994,0.3737778961658478
191121046,0.00754013179765,0.00014983791105000003,0.00765332185548,0.00025825739701,0.0071,0.0005,45.921719301695994,44.87887243515601,41.099998474121094,28.0,-18.460270819346785,-8.282366652176227,20.23310497015127,0.4478437602519989
191121046,0.01257447473844,0.00018214073623,0.01296686382699,0.00031231876966,0.0112,0.0005,46.350195035508,45.196548356304,24.20000076293945,24.0,-21.51378018532936,-9.806355548143015,23.64330965838625,0.32749342918396
191121046,0.010583853883229999,0.00017815701003,0.010506475649700002,0.00030937525645,0.0095,0.0005,45.315703715544004,44.33629791056401,24.10000038146973,23.5,-23.642110265274955,1.7541721881797545,23.707097024924952,0.32251906394958496
191121046,0.0073908285639600006,0.00021025180843999998,0.00905348065875,0.00034190329342000006,0.01,0.0008999999761581422,53.038672271856,46.829115776736,34.0,30.10000038146973,-26.525182360233348,-3.935286303958826,26.81550801699928,0.2351954430341721
190823041,0.0107388762305,0.0005721721033,0.00997848693565,0.0010167282830700001,0.0093,0.0005,44.857999891332,41.92251161835601,37.099998474121094,26.70000076293945,16.156706138518405,3.677170331980536,16.56987131336419,0.5496518611907959
190823041,0.012606454993469999,0.00035680593646,0.012996461486120001,0.00061791046134,0.0153,0.0008999999761581422,51.845667092496,40.453850809764,24.79999923706055,21.700000762939453,11.511241441325692,-29.223032863903704,31.408456465408968,0.13528196513652802
190823041,0.011923591313760001,0.00024438602672,0.01176399975242,0.0004252237317,0.0103,0.0005,45.088936819776,44.339621904792004,25.5,23.20000076293945,11.335107802846265,-4.207428961882111,12.090784226779814,0.7713896632194519
190823041,0.01673362191959,0.00023191396298,0.01878078883085,0.00038832110955999997,0.0178,0.0012000000476837158,51.700230129564,43.864921019232,25.10000038146973,21.399999618530273,7.0888952709570185,13.901521879651739,15.604629852052168,0.5856191515922546
190823041,0.026151218373409998,0.00029726165613,0.02749633592423,0.00050640990993,0.0244,0.0008000000119209289,46.229713647552,45.874072112148,25.10000038146973,22.100000381469727,-4.527391959618498,25.55402267020469,25.951974396159212,0.2752670347690582
190823041,0.0045175469438,0.00022121878849,0.00470161915537,0.00037829866580000004,0.0045,0.0004000000059604645,47.181915075852004,44.811756570528004,45.4000015258789,37.20000076293945,-4.577334786147941,-20.373399656404253,20.88126341990531,0.464253157377243
190823041,0.005740907406319999,0.00014859111897999998,0.007153435749040001,0.00024217329239999998,0.0078,0.0008999999761581422,57.855222213696,43.698393200447995,37.900001525878906,37.900001525878906,-6.997161443992731,-12.408425862631693,14.245318109453073,0.7118858098983765
190823041,0.005889184719189999,0.00022272244418000003,0.005926875862680001,0.00038604610728,0.0057,0.0004000000059604645,48.282563005595996,42.336964619675996,38.400001525878906,32.200000762939446,-8.922579226629736,-19.137698143805594,21.115470344784395,0.4428502917289734
190823041,0.010671638785590002,0.0002018156119,0.010757591948620002,0.00034873931986,0.0097,0.0008999999761581422,46.130729555592005,44.141290819956,32.200000762939446,25.399999618530273,-10.027724874399103,15.922860029459011,18.817332929821585,0.4872398674488068
190823041,0.011292018211389998,0.00040665871910000004,0.011838923336790002,0.00069382313788,0.0091,0.0005,47.406194850024,44.587141076412,27.20000076293945,24.5,-11.086716107662859,28.62871912561013,30.7004233090621,0.16723398864269254
190823041,0.00619714276078,0.00019136848927000003,0.00610245338892,0.00033324144211999997,0.0058,0.0004000000059604645,45.362925090936,43.884856173959996,37.70000076293945,32.900001525878906,-14.557659808327172,10.721978403465439,18.07997767721105,0.5092280507087708
190823041,0.03412690687385,0.00044661783814,0.03134445445279,0.0007963903469299999,0.0305,0.001,43.903452674088,42.163747333235996,23.20000076293945,15.800000190734865,-14.850352167258409,30.613449562926725,34.025143998607554,0.11035241931676863
190823041,0.00670134435224,0.00037065716775,0.00826258044988,0.00060565462713,0.0073,0.0005,57.357709223760004,43.673395118868,40.20000076293945,27.899999618530273,-16.065892457012335,-20.761978456772802,26.25203823868325,0.2489556074142456
190823041,0.01330877931201,0.00045584170094,0.013399051112799999,0.0007899397903000001,0.0139,0.0006000000238418579,47.949192018288,42.328649853792,27.60000038146973,23.20000076293945,-17.533789936124233,28.991011551505604,33.880750467492376,0.10601463913917543
190823041,0.007263767416779999,0.00035312508442999997,0.0066494992189399995,0.00063025237267,0.006900000000000001,0.0005,43.537410712368,42.466968471167995,34.59999847412109,28.5,-20.923383367080273,17.005671868633268,26.962516133997212,0.2264401316642761
190823041,0.007431191517439999,0.00040869023273,0.006959689438079999,0.0007292069277000001,0.0081,0.0005,48.307320437903996,39.394668651444,28.70000076293945,26.20000076293945,-22.56815201160377,-21.58871812758805,31.231194984695357,0.11875682324171065
200302033,0.00905697893682,0.00023086621050999998,0.01011001515217,0.00038644303654,0.008400000000000001,0.0005,50.336126660988,44.897227422696005,32.700000762939446,25.70000076293945,20.60212810447491,0.6500523028772378,20.61238087584262,0.4003754556179047
200302033,0.023605035764529998,0.00024885428147999997,0.024249771551650003,0.00042722771582000003,0.0216,0.0008000000119209289,45.737018998956,45.12565043758799,24.70000076293945,17.600000381469727,19.603084657493426,19.212364908320477,27.447985220993576,0.16085490584373474
200302033,0.0373505555826,0.00019020896312000002,0.03786687324073,0.00032795241025000005,0.0312,0.001,45.355809500208,45.33109156954799,17.200000762939453,15.699999809265135,17.388537954462475,-3.479469815909704,17.733241642325012,0.5394087433815002
200302033,0.02990612206189,0.00014760623116,0.03303544376663,0.00024766292874,0.0288,0.0012000000476837158,49.110960333924,45.499790219868004,20.5,19.100000381469727,14.283720996545803,2.5959894751753456,14.517706708750708,0.6367549896240234
200302033,0.01286898433511,0.00014453094875,0.014923870275969999,0.00023901059238999999,0.0116,0.0005,51.29415575838,45.802575360288,31.899999618530273,21.899999618530273,13.90104282684242,-1.036790839746307,13.939652831411864,0.6800315976142883
200302033,0.32592710208881,0.0002414204117,0.33461606761992996,0.00041452459681,0.30060000000000003,0.009000000000000001,46.108696078584,45.395092238219995,16.899999618530273,15.199999809265135,10.109086483924472,-16.13290413881265,19.038473554493123,0.5517838597297668
200302033,0.004962427010699999,0.00014380004337999998,0.007611090421399999,0.00022192652234,0.0067,0.001,69.324096794184,45.00234173538,49.599998474121094,33.400001525878906,9.441789118080042,-10.658977178816077,14.239413280558194,0.7289162874221802
200302033,0.007860202546390001,0.00011719592904,0.008253327367150001,0.00019975825445,0.006900000000000001,0.0005,46.634996825676005,45.710908470072,37.79999923706055,29.399999618530273,8.14618062822069,-6.128232429863414,10.193891369316834,0.8530017733573914
200302033,0.00818855473152,0.00011731878881,0.008502673183890001,0.00020071363916999998,0.0066,0.0005,46.730337592716005,45.150141032172,42.79999923706055,30.0,5.805818982028178,-8.188738368263188,10.038072841147322,0.87087082862854
200302033,0.0101744877948,9.435961336e-05,0.010315977429030001,0.0001627109668,0.0088,0.0005,45.985759976232,44.613479231892,35.599998474121094,25.20000076293945,3.893110469931563,1.8512551722262984,4.310852975772386,0.9530748128890992
200302033,0.01328069247979,0.00010610860472000001,0.014177235633469999,0.00017990381247999997,0.0111,0.0005,47.364677963496,45.760531773924,34.299999237060554,24.20000076293945,3.2823323017075663,-6.338348073399646,7.1378112492765275,0.943703830242157
200302033,0.010706478303959998,0.00018393945661000002,0.01087119978029,0.00031698422617,0.0083,0.0005,45.681742640016004,45.380884095036,27.60000038146973,25.79999923706055,0.8926023889252082,-19.509392024355577,19.529800501576602,0.5334887504577637
200302033,0.0031491449687800002,0.00010370415931,0.0041082119262,0.00016510726771999998,0.0031,0.0004000000059604645,52.754526029124,49.891683788568,48.79999923706055,46.0,-0.9470753479399124,8.875106653105469,8.925495382663406,0.8270208239555359
200302033,0.01762649619982,0.00028120120035,0.01783829719466,0.00048515152892,0.008199999999999999,0.0005,45.482540433551996,44.485765166124,34.09999847412109,25.899999618530273,-3.2084691200834765,31.177054094319754,31.341708534590165,0.15990224480628967
200302033,0.00941740733383,0.00026333780163,0.010014952089030001,0.00044776226213000004,0.008400000000000001,0.0005,48.944306400984004,43.501815904932,29.29999923706055,25.70000076293945,-6.0857242759801045,27.59680657998213,28.25984744849396,0.21881058812141416
200302033,0.0071793350117,0.0001355625441,0.00739541196616,0.00023252932838999996,0.0066,0.0004000000059604645,46.433236528908004,45.099815441724004,32.200000762939446,29.399999618530273,-7.847288003584647,-9.352864643540396,12.208843275096447,0.7762588858604431
200302033,0.04873310752638,0.00012783434011,0.0494902098321,0.00022028368672999998,0.047700000000000006,0.0015,45.441205828380006,45.39938526288,17.0,14.800000190734865,-9.57339363657425,-7.575451782555135,12.208078762978857,0.7646478414535522
200302033,0.06460377351384,0.00037940099613,0.06837698474895,0.0006450787170599999,0.0605,0.0018999999761581423,47.670742460448,45.43789326336,18.899999618530273,15.600000381469727,-9.611563518967047,-25.191752599850677,26.96302836671025,0.2423724830150604
200302033,0.0106367163711,0.00028098612164999997,0.01046752805759,0.00048962690018,0.0105,0.0005,45.787425833987996,43.02622366542,30.60000038146973,23.0,-10.625621075286391,28.00185255855993,29.950042954313002,0.18000733852386475
200302033,0.00903237083853,0.00023316118274,0.0108338542139,0.00038357706626,0.0091,0.0008999999761581422,55.901075525783995,43.797188642904,39.5,27.10000038146973,-13.463027675636694,-18.956797955245108,23.251053002987753,0.35416102409362793
200302033,0.00957550284512,0.00014486702709000002,0.00945104114866,0.00025206772845,0.0112,0.0005,45.581514879348,44.046955917936,22.5,22.100000381469727,-14.833499104080738,-10.725319858481528,18.304766260019147,0.5283315181732178
200302033,0.009739031994370002,0.0003173337768,0.00968602311178,0.00055081593923,0.0092,0.0005,45.496037576736,43.741221719688,39.400001525878906,29.0,-16.564689736301546,29.21643938746099,33.585453254233734,0.11048349738121033
200302033,0.01695058979631,0.00036660660571,0.02094675955938,0.00059460433273,0.0162,0.001,53.617591692108,46.426245280344,32.299999237060554,24.5,-20.80946218250271,12.807086049781216,24.43467139273191,0.29328182339668274
200302033,0.0044199171268699995,0.00035770833574999994,0.0048409977728100006,0.0006035668960399999,0.0038,0.0004000000059604645,51.110241399252004,43.189651845755996,42.099998474121094,40.099998474121094,-20.507188140383548,11.472898353532214,23.498310593302694,0.322678416967392
200302033,0.09519074391516,0.00033520555217000003,0.09658459778699001,0.0005778376897499999,0.0675,0.0020999999046325685,45.573091580375994,44.93835786222,19.100000381469727,17.100000381469727,-21.68968860883848,7.922952691274308,23.0914472988978,0.33644670248031616
200302033,0.0073098008624400005,0.00026019958846,0.00748101241191,0.00044727322547,0.006900000000000001,0.0005,45.98040428413201,45.29895288318,35.70000076293945,28.899999618530273,-24.859795171881157,-11.926342862405908,27.572533265602498,0.21133920550346372
200302033,0.038268122241410005,0.0003604135997200001,0.03910170009761,0.00061984027751,0.033,0.0011000000238418578,45.503440595964,45.217817188704004,18.700000762939453,18.5,-29.235890231050142,13.59781446296585,32.243346261474684,0.1137700378894806
190807042,0.010882241596360002,0.00018030250969,0.01057785061831,0.00031540018577999997,0.0091,0.0005,45.62322653779199,43.553138297904,30.70000076293945,24.60000038146973,10.594224328222461,-20.43512400467773,23.01804857546389,0.3990798592567444
190807042,0.12923013933778998,0.0010655618509099998,0.15225857027614,0.00175328871392,0.1114,0.004,51.14954138076001,46.068439095504,16.700000762939453,17.0,8.827541262905015,27.49899516488873,28.88111074333582,0.17650023102760315
190807042,0.02223500618208,0.00015471204644999998,0.022278119465930002,0.00026787107462,0.0198,0.000699999988079071,46.095253584624004,44.34771101382,23.5,19.399999618530273,5.4946580165675165,-16.308617369458013,17.20935910292156,0.6294588446617126
190807042,0.02228924221035,0.00054250506885,0.025661020366540003,0.0008978726595400001,0.0206,0.001,48.772357650072,47.06058087774,27.5,18.100000381469727,3.2562381469389448,34.563060156001306,34.71610371213636,0.10196046531200408
190807042,0.01477390448964,0.00025736299186,0.014376145370080001,0.00045061534417000003,0.0132,0.0006000000238418579,46.650013824816,42.867680889564,25.399999618530273,20.5,2.222977789865782,-31.99750490763847,32.07462872528107,0.12759758532047272
190807042,0.011456769509709998,0.00011156974920999999,0.013606809155270001,0.00018333541528999997,0.0099,0.0005,52.685340210828,45.457312120668,38.099998474121094,23.899999618530273,2.2240586952846515,9.242636541899543,9.506458615456859,0.8079328536987305
190807042,0.014734043665450001,0.00012236767542,0.015196537143350002,0.00020981085141999999,0.0131,0.0006000000238418579,46.0586777031,45.079076716236,25.0,20.799999237060547,-3.7061847524039218,12.986494934598012,13.504991327903404,0.6775031089782715
190807042,0.011824989120149999,0.000124087428,0.013019605716020002,0.00020840469784,0.0118,0.0008999999761581422,48.900075366168004,45.361659045744,32.09999847412109,31.60000038146973,-1.3799467376040706,11.280002312559306,11.364096899269368,0.7502580881118774
190807042,0.04639766573818,0.00039684824271,0.04739682184723,0.00068272663397,0.0429,0.0012999999523162842,46.466332809696,44.776939798224,16.100000381469727,15.5,-7.9975709084832785,-12.633934063442672,14.952496192958849,0.6824148893356323
190807042,0.009176922776319998,0.00023104108439,0.009619472906219999,0.00039426643397,0.0089,0.0005,47.635376769863996,45.134572916916,41.599998474121094,29.10000038146973,-8.617627099862577,-27.792677400419073,29.098020481652323,0.1861356496810913
190807042,0.00980781103802,0.00010957957711,0.01011014668166,0.00018791040231,0.008,0.0005,46.249929479988005,45.12708691876799,28.79999923706055,26.20000076293945,-8.721573273760216,0.3296829983605616,8.727802187021664,0.8520728945732117
190807042,0.02086807866024,0.00018735534703,0.02049365974359,0.00032648362372000004,0.0191,0.000699999988079071,44.840078952516,44.226870888492,19.200000762939453,19.100000381469727,-17.856924958904113,6.200935110430923,18.90293679310657,0.4816780388355255
190807042,0.026814587202169997,0.00021186604702000002,0.02925450674311,0.00035686701004,0.026000000000000002,0.0011000000238418578,48.560437161972,45.179592032664004,17.399999618530273,16.5,-18.020097470122163,15.475004430541096,23.75284154804729,0.3140847980976105
190807042,0.02219780452147,0.00037015801928,0.027230331977499998,0.0006023501953300001,0.0272,0.0012000000476837158,54.22579562448,45.36465813802801,25.5,16.600000381469727,-24.615818655019716,21.630349839461736,32.768926835203196,0.10485244542360306
190807042,0.00735173514113,0.00027862042225999995,0.00735173514113,0.0004683540496,0.006999999999999999,0.0005,45.245278809792005,45.148163450615996,47.29999923706055,28.60000038146973,-26.400651181175228,-18.705560634106774,32.355610066253405,0.10225498676300047
190807042,0.00692751074389,0.00028512130991,0.00663356162238,0.00050349179191,0.008199999999999999,0.0005,47.560202669592,40.88331622512,29.70000076293945,25.899999618530273,-30.160034596050235,-5.925521807991514,30.736600246069003,0.14538368582725525
190807042,0.03943736780557,0.00109898162683,0.03963334271763,0.0019040921972699998,0.0388,0.0015,47.39792249552399,42.903632412684004,17.299999237060547,15.199999809265135,-33.294138424758486,1.8976884500948548,33.34817479721394,0.10400019586086273
191229014,0.00580973320003,0.00026622457819,0.00572931765397,0.00046346339594,0.0051,0.0004000000059604645,46.290333559320004,43.537667596812,42.29999923706055,33.400001525878906,17.703673890915514,-21.848576474226284,28.120742224354075,0.21488113701343536
191229014,0.00874498530542,0.00036577312229,0.00977611106932,0.00061385905489,0.009000000000000001,0.0005,52.221585219804,42.8511586617,38.0,27.29999923706055,14.342785249417247,28.05241924352509,31.50633504664368,0.10832373797893524
191229014,0.009219127006419999,0.00012921871495999998,0.00943187317164,0.00022228872924,0.008199999999999999,0.0005,47.096023404348,44.139631618512,30.70000076293945,25.399999618530273,11.470174438074864,-8.12232377221174,14.054778557089968,0.7197087407112122
191229014,0.0078072533530299994,0.00012871014844,0.00785598994141,0.00022261712118,0.0075,0.0005,46.61169723378,43.842500704116,35.599998474121094,26.5,10.434255616170232,-6.930952340384367,12.526437765459088,0.7742288708686829
191229014,0.00707694554365,0.00012907878667,0.00804711091292,0.00021459265674000002,0.006999999999999999,0.0004000000059604645,49.904456226264,45.946017376596004,31.899999618530273,28.10000038146973,6.042926586332286,10.196175408740904,11.852377298058656,0.7241461873054504
191229014,0.011279525370219999,0.0001101195138,0.010904003344360001,0.00019291745302999998,0.0106,0.0005,44.565378144552,43.78694473850401,23.399999618530273,22.200000762939453,3.6771969339367314,7.651400572654233,8.489151058046177,0.8386957049369812
191229014,0.00624689279321,0.00021848348172,0.006881318141600001,0.00036724512618,0.0062,0.0004000000059604645,50.320951335,44.72705632316399,31.70000076293945,29.5,-0.9228523963855824,-21.362392959509908,21.38231695911054,0.4560677111148834
191229014,0.0037514457374000004,0.00012860328856999998,0.00389433984518,0.00022006882287,0.0032,0.0004000000059604645,46.87398139266,45.114739356996004,46.70000076293945,44.099998474121094,-1.4823543062299165,-14.245478656906029,14.322395884634533,0.7289770245552063
191229014,0.00474609178351,0.00033108057855,0.00446403331118,0.00058599147228,0.004900000000000001,0.0004000000059604645,44.87329672866,41.881400617176,37.5,34.09999847412109,-1.6569704563195002,32.63741901625538,32.67945208608909,0.13771358132362366
191229014,0.00718143205834,0.00018981859221000002,0.01005681822628,0.00029631366781,0.0093,0.0008999999761581422,56.418367964364,49.850350991675995,42.29999923706055,31.70000076293945,-7.129836327930024,19.97824063756616,21.21235707693468,0.4088834226131439
191229014,0.0101658370007,0.00010567078359000001,0.01030089209845,0.00018226579888999997,0.0096,0.0005,46.269091389708,44.427305991527994,32.5,23.5,-8.492208845519174,-4.325252317907884,9.530235077682212,0.8447962999343872
191229014,0.00587025944057,0.00010762093906,0.006452832107619999,0.00018080394665,0.0071,0.0008999999761581422,48.593567039364004,45.91091163574799,47.9000015258789,31.70000076293945,-8.36453292069414,-5.3804097917052,9.945559983257029,0.8361863493919373
191229014,0.017763135248009997,0.00025750725978,0.01737267218389,0.00044939826698000006,0.0175,0.0008999999761581422,45.054483274476006,43.588526062932,22.70000076293945,18.600000381469727,-10.827736791367492,20.4574835547242,23.146212076523643,0.34475964307785034
191229014,0.01378644695808,0.00026630107662999996,0.01510981676827,0.00044769042137999995,0.0135,0.0006000000238418579,48.021596803079994,46.192844298672,26.79999923706055,23.20000076293945,-18.65407454011934,1.3221001205295118,18.700867052662392,0.4945889115333557
191229014,0.01786647916559,0.00037008828935000004,0.01931738056681,0.0006250312923,0.0172,0.0006000000238418579,48.261976068563996,45.280969179588006,25.0,20.299999237060547,-22.75533923404366,4.559927509607698,23.207716364827142,0.3351563215255737
191229014,0.00777661093366,0.00037432781399,0.0076966072182700004,0.0006516887673200001,0.0075,0.0005,47.239801266204005,42.357929409936,48.9000015258789,39.20000076293945,-24.967928840847744,3.9178379362033215,25.27343773220454,0.2745954096317291
191229014,0.00582504933741,0.00036267111144000003,0.00558862443877,0.00063718276185,0.0043,0.0004000000059604645,44.677213647840006,43.189576127748005,40.5,36.79999923706055,-26.557695694393605,16.63158636360075,31.335528761997885,0.12783195078372955
191229014,0.16959947568262,0.00039266692689,0.17844569256809,0.00066889708572,0.162,0.004900000095367432,47.273239621116,45.30835971648,19.399999618530273,17.0,-29.52252686170545,-12.41760344546606,32.02768610058835,0.11569896340370177
191229014,0.00772135003173,0.00037415035941000004,0.00839651482972,0.00063288307237,0.0066,0.0004000000059604645,50.868910186056006,43.08249681198,42.70000076293945,29.0,-28.147162835502662,11.784618484366211,30.51453596468814,0.14502134919166565
190823042,0.011249437131780001,0.00026849258413,0.01069046901588,0.00047327231114,0.0091,0.0005,45.163998607572005,43.013190580056,30.70000076293945,24.60000038146973,10.592745051608023,-20.44175935464368,23.02325890857828,0.3990798592567444
190823042,0.13610374015409,0.0014719055608499998,0.16421254468104998,0.00240523012447,0.1114,0.004,52.257444824592,46.176240875112,16.700000762939453,17.0,8.824598792434696,27.49744166422391,28.878732333021606,0.17650023102760315
190823042,0.0235011599528,0.00019134617190000002,0.02283233813316,0.00033468703825999995,0.0198,0.000699999988079071,45.238308683976,43.816617535932,23.5,19.399999618530273,5.488218851585484,-16.309709862669393,17.208339721730937,0.6294588446617126
190823042,0.025562782930470002,0.00070341022751,0.02976720834403,0.001161265144,0.0206,0.001,50.596883721756,45.888285832704,27.5,18.100000381469727,3.264602277539604,34.5653750136338,34.71919380850727,0.10196046531200408
190823042,0.01527586788485,0.00039200363748000003,0.013397703210509999,0.00071025663904,0.0132,0.0006000000238418579,43.609338186660004,41.333302589076,25.399999618530273,20.5,2.2621792881870966,-31.989544658766324,32.06942897681893,0.12759758532047272
190823042,0.012141620769159998,0.00014505521705000002,0.01307743707181,0.00024528263425,0.0099,0.0005,47.767412070576,45.469609020684004,38.099998474121094,23.899999618530273,2.216617026163901,9.204183604236858,9.467331995909873,0.8079328536987305
190823042,0.01574561057742,0.00015990193356,0.01603768596193,0.00027527562986,0.0131,0.0006000000238418579,45.368274083148,45.195395290452005,25.0,20.799999237060547,-3.7062397050211264,12.989005475066865,13.507420575988915,0.6775031089782715
190823042,0.012435245474409998,0.00016222956886000002,0.013572581249599999,0.00027334705825999997,0.0118,0.0008999999761581422,49.06961719876799,44.81239647366,32.09999847412109,31.60000038146973,-1.3825242595158795,11.281982308614035,11.366375467935375,0.7502580881118774
190823042,0.050465252169650004,0.00031996449486000004,0.049805658585599995,0.00055672276546,0.0429,0.0012999999523162842,45.368901578663994,44.306728822296,16.100000381469727,15.5,-8.003993085646178,-12.641836695714126,14.962608448308675,0.6808176040649414
190823042,0.01046858842563,0.00013361370419,0.0106850911931,0.00022986583933000003,0.008,0.0005,45.732660585732,45.188252333244,28.79999923706055,26.20000076293945,-8.725811058033639,0.33220509279116245,8.732132534905581,0.8520728945732117
190823042,0.00907146834697,0.00035345775099,0.009531598473870001,0.00060259058333,0.0089,0.0005,47.907096686532,44.989506359315996,41.599998474121094,29.10000038146973,-8.646725548361085,-27.824737747217583,29.137265841864924,0.1844722479581833
190823042,0.022620572186209997,0.00022117378502,0.02242282893218,0.0003842501451,0.0191,0.000699999988079071,45.498740084352,43.993839338676004,19.200000762939453,19.100000381469727,-17.864809714095554,6.207200157918451,18.912440696233045,0.4816780388355255
190823042,0.029048782683569998,0.00036877048291,0.030180288856830002,0.0006310829124400001,0.026000000000000002,0.0011000000238418578,47.294842965984,44.175247255908005,17.399999618530273,16.5,-18.018358894087275,15.475149866942408,23.75161736958446,0.3140847980976105
190823042,0.00707738391523,0.00032137072589999996,0.00694835549084,0.00056006762287,0.005,0.0004000000059604645,44.835424239132,44.702888794776,36.70000076293945,34.09999847412109,-19.78896338950532,-17.549934611688446,26.4499503769118,0.2413824945688248
190823042,0.02477345992409,0.00052599761755,0.02946438387486,0.00087229936617,0.0272,0.0012000000476837158,57.484543723452006,41.489345048688,25.5,16.600000381469727,-24.59374156772612,21.651109082918246,32.766059444575674,0.10564987361431122
190823042,0.00648887560743,0.0004303954494,0.00793029271098,0.0007028827486799999,0.008199999999999999,0.0005,55.067732657892,45.066157294788,29.70000076293945,25.899999618530273,-30.205748703952715,-5.969712553740969,30.78999521979397,0.14387147128582
190823042,0.04294739549807,0.00092125781479,0.040482635476480004,0.00162939075645,0.0388,0.0015,45.088627874976,42.301678388328,17.299999237060547,15.199999809265135,-33.28532394980357,1.8884567774835033,33.33885043010121,0.10400019586086273
191208041,0.010745420684180001,0.00030618452739,0.011598312029530001,0.00051742168324,0.0087,0.0005,48.162044399184,45.138462245028,31.5,25.60000038146973,21.49198359783565,17.03916245392704,27.426896170940342,0.15675364434719086
191208041,0.0155831094079,0.00028433443494,0.016640634434159998,0.00048261869723000006,0.0148,0.0006000000238418579,48.81486348684,44.048094623712,31.0,24.899999618530273,19.409933797992238,17.887436698233415,26.395123066404963,0.1875988245010376
191208041,0.01467190018101,0.00019955544484999999,0.01473615790279,0.00034516573450999995,0.0105,0.0005,45.61571675466,44.44360490988,24.20000076293945,23.10000038146973,16.69440180252139,10.164653429846773,19.545393797537,0.4149874448776245
191208041,0.01635711633583,0.00017082862608000003,0.01623731029869,0.00029661386471,0.0151,0.0006000000238418579,44.934641750304,44.635162092083995,19.899999618530273,19.600000381469727,15.370296759844393,7.0912672374598005,16.927248992151593,0.5238740444183351
191208041,0.01131296742179,0.00020291899911,0.01153528221196,0.00034930398485,0.0089,0.0005,46.25819167932,44.438069403288004,41.29999923706055,30.70000076293945,14.127472398078046,14.033478988314064,19.912882770488835,0.4054321944713593
191208041,0.01949103415476,0.00023941015221000002,0.01953772629099,0.00041444781506,0.0166,0.0006000000238418579,46.011958479540006,44.459505979272,22.899999618530273,20.100000381469727,11.762635896506069,-23.978221802912522,26.707910444391786,0.26753273606300354
191208041,0.0043070002752299994,0.00019818249833000002,0.00470166613893,0.00033357591321,0.0034,0.0004000000059604645,47.558727859715994,46.235971156896,46.79999923706055,43.900001525878906,11.055276553001594,16.585030867434984,19.93192013652654,0.4154936671257019
191208041,0.01287724576416,0.00011241900603,0.013003995933059998,0.00019410359974999998,0.0119,0.0005,45.85089757752,44.537481537948,23.20000076293945,21.899999618530273,9.059660978997066,4.371484450108415,10.059189287021713,0.7968690395355225
191208041,0.04668655179134999,0.0001144359613,0.04692769541981,0.00019787051482,0.0379,0.0012000000476837158,45.304650427176,45.046603367639996,17.799999237060547,15.300000190734865,7.936730304504782,-8.166236113262919,11.387667965845964,0.8235281109809875
191208041,0.007099925413740001,0.00023033420755000003,0.0071237312552899995,0.00039865240437,0.0063,0.0005,46.146689122320005,44.387717945832,32.900001525878906,31.29999923706055,3.918721355555208,-25.15345937253811,25.45687768416681,0.3127794563770294
191208041,0.07041885932822001,0.00014642146778,0.07115832361487,0.00025273576753000003,0.0611,0.0018999999761581423,45.296606719404004,44.893969901675995,20.100000381469727,17.299999237060547,2.0060343781506678,19.625870088667487,19.728124770108096,0.4520445764064789
191208041,0.00939665894791,0.00023900944765,0.008870531043969999,0.00042212279901,0.008,0.0005,44.013758657544,43.118384748264,33.400001525878906,26.79999923706055,0.6546792414797769,22.87276679375371,22.88213406538277,0.3545724451541901
191208041,0.019086283703220002,0.00017261482306,0.0199797728547,0.00029456846749,0.0166,0.0006000000238418579,47.207700591191994,45.180843481871996,24.29999923706055,19.299999237060547,0.491445572204673,-19.058829500763352,19.06516452106285,0.5493320226669312
191208041,0.07693970512691001,0.00040238017402,0.09279368477972999,0.00065870862562,0.077,0.002700000047683716,53.76916846728,45.016019245332004,27.20000076293945,17.600000381469727,-5.254966304651411,28.3543028430498,28.837138110110985,0.2076258659362793
191208041,0.10984876259676,0.00034704075618000003,0.11239971420467999,0.00059654340862,0.0959,0.002900000095367432,45.805382993988,44.991540766115996,17.200000762939453,14.899999618530273,-8.52757979302337,16.989267539278213,19.009319730922485,0.4828385412693024
191208041,0.01105109340319,0.00025554617539,0.011359593370260001,0.00043869852202999996,0.0096,0.0005,46.562622684876004,45.033472369584,36.20000076293945,24.399999618530273,-10.237507411179477,-22.713426173069443,24.91394712717789,0.3039754927158356
191208041,0.012146924635719999,0.00011846112273000001,0.01239315008093,0.00020382008079,0.0111,0.0005,45.591508926972,45.35970192972,28.29999923706055,22.60000038146973,-13.429187634643196,-2.9439712128047835,13.74809088355732,0.688696026802063
191208041,0.00880117421059,0.00016343273662,0.00914245717173,0.00027958440092,0.0061,0.0004000000059604645,46.644672416688,45.245135429748004,30.79999923706055,29.70000076293945,-15.059840117102995,-10.180006572630967,18.17775165525177,0.5327222347259521
191208041,0.03592058449257,0.00033423065184,0.0376823673225,0.00056986194084,0.031,0.001,46.218825624527994,45.569555765207994,23.10000038146973,17.799999237060547,-17.44508534143378,27.057302302050747,32.19351372952629,0.1282355934381485
191208041,0.14450804095372,0.00033151805753,0.14690277906194,0.00057111051511,0.1295,0.003900000095367432,45.798417968652004,44.740882849968,18.0,16.700000762939453,-22.413857811579884,14.647324878367677,26.77540117397088,0.2280043512582779
191208041,0.0123400273991,0.00020136822515,0.012527479854049998,0.00034707654225,0.009000000000000001,0.0005,45.821329980912,44.91702520138799,29.79999923706055,25.10000038146973,-22.126158766353704,-3.562161385197122,22.411062453017532,0.3672761917114258
191208041,0.0063714476965500005,0.00021964539205,0.00652678251255,0.00037767495275000003,0.0051,0.0004000000059604645,47.298022234091995,43.950655884743995,34.09999847412109,32.799999237060554,-23.01367247097848,-6.534424833712692,23.923360772648916,0.31724274158477783
191208041,0.02330039587762,0.00021438662887000002,0.02370410307868,0.00036923615716,0.0232,0.0008000000119209289,45.724462634448,45.048546981323994,18.0,16.799999237060547,-23.36227689982636,0.5346402650046563,23.368393563886137,0.3333936631679535
191208041,0.02790559911216,0.0002839041934,0.029130660092159998,0.00048515346419,0.0249,0.0008000000119209289,47.86369231528801,44.24997722508,17.799999237060547,16.399999618530273,-32.48884677173593,-5.833062571758847,33.00831365816372,0.1066424623131752
200104011,0.0061786421431,0.00020851022678000002,0.00650525126993,0.00035593882175,0.0051,0.0004000000059604645,49.696778483316,43.296138167004,42.29999923706055,33.400001525878906,17.71961145078052,-21.835499188823036,28.120622900500614,0.21488113701343536
200104011,0.009565835679819999,0.00023700296045,0.00973382741171,0.00040824550745,0.009000000000000001,0.0005,46.35101629206,43.94462153076,38.0,27.29999923706055,14.347662439434831,28.069813364595667,31.524042649559732,0.10745573043823242
200104011,0.00900822202683,0.00010144485593000001,0.009231431213040002,0.00017429317777,0.008199999999999999,0.0005,46.107235581480005,45.16089758838,30.70000076293945,25.399999618530273,11.469269887078285,-8.119151820547861,14.052207422530902,0.7197087407112122
200104011,0.00752704864607,0.00010019323004,0.0073431313079,0.000175008079,0.0075,0.0005,45.205577022672,43.828053726168,35.599998474121094,26.5,10.435277851792307,-6.931384693966471,12.527528489538875,0.7742288708686829
200104011,0.0069094990237100005,0.0001025540568,0.00794792540854,0.00016974543823,0.006999999999999999,0.0004000000059604645,49.127304853188,47.214262965312,31.899999618530273,28.10000038146973,6.046614763389402,10.1991239743432,11.856794367366842,0.7241461873054504
200104011,0.011559523602169998,8.945872148000001e-05,0.0115919178696,0.00015481749525,0.0106,0.0005,45.465073956000005,44.522706275064,23.399999618530273,22.200000762939453,3.678426363144704,7.66395124954594,8.500996814983601,0.8368439674377441
200104011,0.00669683379888,0.00017750531341999997,0.00720967341963,0.00030051328787,0.0062,0.0004000000059604645,49.49259897636,44.444603921076,31.70000076293945,29.5,-0.9198175051769224,-21.363337675331906,21.383130032386084,0.4560677111148834
200104011,0.00391418139176,0.00010892457684,0.00398234674549,0.00018759888684,0.0032,0.0004000000059604645,46.080160914636004,44.977895868744,46.70000076293945,44.099998474121094,-1.4730145716430971,-14.227686568878088,14.303734639671562,0.7314074039459229
200104011,0.0050060494306400005,0.00024285740035,0.00461929767441,0.00043224793183999993,0.004900000000000001,0.0004000000059604645,43.08639936022801,42.789201704136,37.5,34.09999847412109,-1.6815485943729105,32.65864803033855,32.7019083813191,0.13673685491085052
200104011,0.00675452210644,0.00017898816739,0.00999215855568,0.00027618198011,0.0093,0.0008999999761581422,61.699932982187995,48.152636836415994,42.29999923706055,31.70000076293945,-7.136666421480858,19.983236051037405,21.21935807283113,0.4080950915813446
200104011,0.010197384835860001,8.803786594999999e-05,0.010428213281829999,0.00015138041477,0.0096,0.0005,46.352545471404,44.756493352452004,32.5,23.5,-8.489016057916535,-4.322030830163381,9.525928099671034,0.8447962999343872
200104011,0.006067321856899999,8.928631664e-05,0.00659344440621,0.0001504897533,0.0071,0.0008999999761581422,47.536192410408,46.397312072208,47.9000015258789,31.70000076293945,-8.365126635622254,-5.373987279929328,9.942586480162573,0.8361863493919373
200104011,0.017571273718429998,0.00018029037813,0.01760428114018,0.00031207930124,0.0175,0.0008999999761581422,45.180464712696,44.527144129632,22.70000076293945,18.600000381469727,-10.832776142767997,20.455602012009628,23.14690708660249,0.34475964307785034
200104011,0.01379958294672,0.0001637935259,0.01490104437439,0.00027663501068,0.0135,0.0006000000238418579,47.294395428348,46.210607251524,26.79999923706055,23.20000076293945,-18.64818908864572,1.3281015217472685,18.6954217025744,0.4943430423736572
200104011,0.017925470816419996,0.00024652605609,0.01884275159457,0.00042014357224,0.0172,0.0006000000238418579,47.376042155856,44.846248286628,25.0,20.299999237060547,-22.75372675827445,4.562447959053271,23.20663070757136,0.3351563215255737
200104011,0.00798261484902,0.00024639358456000004,0.00792237267043,0.00042787062067999997,0.0075,0.0005,45.119486744712,44.472539121012,48.9000015258789,39.20000076293945,-24.94796653347945,3.9400342883540698,25.25716990927847,0.2742728888988495
200104011,0.00638026642049,0.00022779088138,0.0064414652947299995,0.00039341787718,0.0043,0.0004000000059604645,46.239709885164004,43.914933976644,40.5,36.79999923706055,-26.601577730362298,16.572061458109783,31.341213716011897,0.12747277319431305
200104011,0.17562523036025,0.00024824090775,0.18563152262812,0.00042222301019999997,0.162,0.004900000095367432,47.196149116356004,45.591449538816,19.399999618530273,17.0,-29.518045379356888,-12.41752772699631,32.023525858254374,0.11569896340370177
200311126,0.02666470087577,0.00040456147269,0.026132889782720003,0.0007062489474199999,0.022000000000000002,0.0008000000119209289,46.016824469364,42.85638921888,24.20000076293945,17.100000381469727,21.987384196844374,15.334867459882872,26.80671589858973,0.17087295651435852
200311126,0.00387910251154,0.00025997996740000003,0.00370769400856,0.00045743421412999997,0.0034,0.0004000000059604645,44.921305496376,42.846380320608,47.79999923706055,43.70000076293945,20.449478172783614,13.594068646471474,24.555603845326253,0.2362163513898849
200311126,0.010068764828959999,0.00016726833475,0.01021437654268,0.00028834954744999996,0.008199999999999999,0.0005,45.597959424684,45.097467702192,45.29999923706055,38.29999923706055,19.777207417263188,-2.324621466071453,19.913355783732065,0.4436805248260498
200311126,0.012862541329299999,0.00017120413080000003,0.01327296074583,0.00029380088199,0.0111,0.0005,47.50694805816,43.870693945392,30.5,24.899999618530273,18.0240651356182,6.36279870237285,19.11417694734073,0.4380550980567932
200311126,0.01792500669877,0.00035405076213,0.01923707728107,0.00059993605417,0.0162,0.0006000000238418579,48.416198947524,44.487167827608005,25.60000038146973,22.200000762939453,17.56110948979618,21.688662886997747,27.906747797835656,0.15924617648124695
200311126,0.00669106243253,0.00021366285372999999,0.00690377600003,0.00036667319238999996,0.005900000000000001,0.0004000000059604645,48.09976229106,43.780702674924,42.5,31.5,16.058890170984487,-18.707586587570493,24.654800826676226,0.32842764258384705
200311126,0.01628205798203,0.00014646931786000002,0.01656302679113,0.00025233137469,0.0117,0.0005,46.616654005884,44.438954460444,26.10000038146973,22.100000381469727,14.912736845757413,-13.413345046382645,20.05757754600351,0.4952468872070313
200311126,0.00795638464653,0.00018058110374,0.008390140940340001,0.00030743751855,0.0066,0.0004000000059604645,47.627085514968,45.214292502576,34.799999237060554,29.29999923706055,11.638825165678625,-20.000613378029016,23.14055440852653,0.3911611437797545
200311126,0.0065215062339,0.00011063492179999999,0.00806737521481,0.00017934134902,0.0068,0.0005,53.417335398696004,46.785618813132,42.0,28.70000076293945,10.318550293268938,5.6563931946962525,11.767207317135329,0.7315245270729065
200311126,0.00650022769586,0.00011056548606,0.00799638419024,0.00017950120094999998,0.0063,0.0005,52.98085475514,46.909158218208,43.900001525878906,29.899999618530273,11.490054146445644,5.662913247871693,12.809754538129726,0.6916629076004028
200311126,0.00450328551388,8.668531156000001e-05,0.00450074566154,0.00015023832656,0.0044,0.0004000000059604645,46.110892963428,43.7652904284,40.29999923706055,37.0,4.587935526061251,6.9285376606164615,8.309859084581838,0.8436517715454102
200311126,0.007464753015270001,0.0002522854654,0.00753417174276,0.00043631477823,0.0064,0.0004000000059604645,47.284291568087994,42.763798929996,35.599998474121094,29.29999923706055,-5.214624486217648,26.08839886152589,26.604442141991647,0.2572958171367645
200311126,0.0027778083973899995,0.00016709813202,0.0029261136955500006,0.0002845823216,0.0039,0.0004000000059604645,46.876443529104,45.14421610227601,43.70000076293945,40.0,-7.766877133864119,19.263604132144177,20.770416297685692,0.4226989448070526
200311126,0.006688301499229999,0.00017825666682,0.00967483524925,0.00027867565923,0.0095,0.001,64.871339692752,44.938274375123996,47.4000015258789,27.10000038146973,-20.13339975327245,11.696673338638602,23.284423733895732,0.3293107748031616
200311126,0.01872508990457,0.0002132731337,0.021855231325249996,0.00035158633,0.0185,0.001,50.45542419261599,46.994811543000004,20.5,18.5,-21.87580514681139,-7.5913173216019185,23.15552140744545,0.3420602083206177
200311126,0.01623240589216,0.00021033656006000002,0.017637476406830003,0.00035456392007,0.0161,0.0006000000238418579,47.547807289236005,46.406774087784,26.5,20.200000762939453,-21.574821752126716,-6.741340953945267,22.60349563328577,0.3615870475769043
200311126,0.00784936746595,0.00021883561922999997,0.007775750509029999,0.00038033274073,0.0074,0.0004000000059604645,45.742189750308,43.557333776748,29.79999923706055,27.20000076293945,-23.04206700440529,16.560493392227126,28.375741157750543,0.18939951062202454
200311126,0.00337532796527,0.00022729293736,0.0033853935026599996,0.00039447202507999997,0.0034,0.0004000000059604645,48.108411994572,42.404909659416,47.70000076293945,43.5,-24.75584318124161,-10.45135389160621,26.871558973117576,0.2299241125583649
200311126,0.010557517710160001,0.00022614132587,0.011776582218889999,0.00037807574573000006,0.0105,0.0005,49.03044131685601,45.98167134726,33.09999847412109,26.79999923706055,-29.98819756603735,4.7016575963993885,30.3545221788518,0.1536695808172226
200102012,0.005817126808590001,0.00019985837233999997,0.00591580656723,0.00034426425344999997,0.0051,0.0004000000059604645,46.108644014772,45.077311408932,42.29999923706055,33.400001525878906,17.72034349768779,-21.839797475839944,28.12442182464583,0.21488113701343536
200102012,0.00840421551584,0.00022425442306999997,0.007300628744869999,0.0004086610464100001,0.009000000000000001,0.0005,44.45756381088,39.11382858708,38.0,27.29999923706055,14.33095142096724,28.085013211940346,31.529978855420453,0.1081770732998848
200102012,0.00868983123844,9.788029324e-05,0.0085559176562,0.00017042473083,0.008199999999999999,0.0005,45.252919446731994,44.208641982528,30.70000076293945,25.399999618530273,11.466350943801887,-8.11892802508724,14.049695790266087,0.721960186958313
200102012,0.00743307198736,9.762618184999999e-05,0.00724477770294,0.00017055949522,0.0075,0.0005,44.942077090404,44.044104777732,35.599998474121094,26.5,10.43030352258549,-6.931621285128433,12.523516190776519,0.7742288708686829
200102012,0.0071597795745400004,9.721698548999999e-05,0.00783514823159,0.00016360108731999998,0.006999999999999999,0.0004000000059604645,48.818620106496,45.201316218912,31.899999618530273,28.10000038146973,6.042778351386815,10.197322965164997,11.853288942861084,0.7241461873054504
200102012,0.011217452859780002,8.431629631e-05,0.010764331532629998,0.00014812174993000002,0.0106,0.0005,45.010001179296,43.035864731135995,23.399999618530273,22.200000762939453,3.6803917240010016,7.652557354622752,8.491577882494095,0.8368439674377441
200102012,0.00632981831976,0.00014858066536000002,0.0070366260673999995,0.00024898150797,0.0062,0.0004000000059604645,50.451186749904004,45.020738821716,31.70000076293945,29.5,-0.9137220282674512,-21.348307703461927,21.36785246613412,0.4586756825447082
200102012,0.00385633568059,9.738203632999999e-05,0.00391788554469,0.00016778805742,0.0032,0.0004000000059604645,45.852191283096005,45.136389857004005,46.70000076293945,44.099998474121094,-1.4757593628399768,-14.229917098618419,14.306236188882055,0.7314074039459229
200102012,0.00503456588955,0.00023999319897,0.00438635867272,0.00043605212545999995,0.004900000000000001,0.0004000000059604645,43.130279918448,40.363214873400004,37.5,34.09999847412109,-1.6585247399467995,32.631416377042605,32.67353602645029,0.13771358132362366
200102012,0.00423011929512,0.00016189025096000002,0.00696391645963,0.00024464695767,0.0093,0.0008999999761581422,71.38458158014802,46.313839534463995,42.29999923706055,31.70000076293945,-7.126887817234971,20.114325758799122,21.339588821511487,0.4049135446548462
200102012,0.01011840671844,7.886377003e-05,0.010128788163709998,0.00013656021111,0.0096,0.0005,45.62341120404,44.5110225138,32.5,23.5,-8.492615599649989,-4.32110843393942,9.528717638640275,0.8447962999343872
200102012,0.00594562793173,7.948145963e-05,0.006155755620319999,0.00013614685752000002,0.0071,0.0008999999761581422,47.039808008016,44.670503146968,47.9000015258789,31.70000076293945,-8.367877991996956,-5.373805292251449,9.944803083772824,0.8361863493919373
200102012,0.01737254947723,0.00019004407553999998,0.01675286893796,0.00033320439304,0.0175,0.0008999999761581422,44.233913718072,43.776730716660005,22.70000076293945,18.600000381469727,-10.82767051951545,20.45426647377365,23.14333775383248,0.34475964307785034
200102012,0.013280025173520001,0.00016508442272,0.014186851865450002,0.00027982204314,0.0135,0.0006000000238418579,47.318690052756004,45.693828350424006,26.79999923706055,23.20000076293945,-18.648761084141977,1.331030619287044,18.69620055263973,0.4943430423736572
200102012,0.017251240297590002,0.00023919895608000004,0.018264716786490002,0.00040666109762,0.0172,0.0006000000238418579,47.373775490268,45.171701775036,25.0,20.299999237060547,-22.754372528848428,4.5640713180572,23.20758307046513,0.3351563215255737
200102012,0.00762019648559,0.00033471081733,0.00782485797494,0.0005747168864,0.0075,0.0005,46.313805128615996,44.826653872296,48.9000015258789,39.20000076293945,-24.96530521862579,3.938435326962834,25.274047258078536,0.2742728888988495
200102012,0.0066636619407700005,0.00023225891558000002,0.0065229469910600005,0.00040551482576999995,0.0043,0.0004000000059604645,45.73246869986399,43.050433988808,40.5,36.79999923706055,-26.56535542266865,16.5719111534796,31.310395741758036,0.12846750020980835
200102012,0.16646258881964002,0.00024810347921000003,0.17149705680349997,0.00042556720897,0.162,0.004900000095367432,46.61596461265199,44.991820979352,19.399999618530273,17.0,-29.516929749591338,-12.416722064326065,32.02218512170635,0.11569896340370177
200328001,0.02331032335364,0.00020762508145,0.02383761676599,0.00035708494523000004,0.0193,0.000699999988079071,46.445176527228,44.617663432548,25.899999618530273,18.0,22.35341439234402,-2.1455728744664397,22.456147333773647,0.34453532099723816
200328001,0.0408698217755,0.00025127824927,0.041869353908620004,0.00043175287474000003,0.0426,0.0017000000476837158,45.400119133032,45.353856633912,16.899999618530273,18.399999618530273,19.514966113679108,23.652946918535072,30.66414503674285,0.10074300318956377
200328001,0.009901081624530001,8.922340923e-05,0.01206134401002,0.00014512041921,0.011000000000000001,0.0008999999761581422,51.498572442084,47.941330043879994,30.0,37.900001525878906,-7.6126877920870175,-2.6295563933899917,8.054040659406812,0.8818959593772888
200328001,0.0058052734108000005,0.00026047846774,0.00666228786604,0.00043310580930000004,0.0071,0.001,52.696102728780005,44.503411496544,46.9000015258789,39.29999923706055,-13.114783029414337,-27.96578993738761,30.888171629645896,0.13366903364658356
200328001,0.08702506695319999,0.00043130345948,0.09048772535172998,0.0007378265149,0.0792,0.002400000095367432,47.034448359588005,44.574645459708,17.100000381469727,14.5,-24.514388257912145,13.661595468200181,28.064056350130304,0.1972130686044693
200401001,0.014567607568069999,0.00026200307403,0.02493393571188,0.00038826403681999994,0.0264,0.0016000000238418578,68.19801703304401,50.57786077246801,48.9000015258789,28.60000038146973,15.36875064394732,16.533785863222942,22.57349663083054,0.30982401967048645
200401001,0.007647688109640001,0.00027373635857999996,0.007840307981100001,0.00047056002506,0.0076,0.0005,47.0197489122,43.892446547376004,32.200000762939446,27.20000076293945,15.18943572623806,20.257349549061068,25.31948850204362,0.2316122055053711
200401001,0.03108310611364,0.00012130756694,0.03218396737333,0.00020770959554,0.0266,0.0008999999761581422,46.213158680747995,45.3521879694,17.0,16.299999237060547,13.371027363306494,1.4167112843437593,13.445870499616994,0.6859782934188843
200401001,0.0131157519729,0.00028872597212,0.012907889115549999,0.0005033586419800001,0.0254,0.0008999999761581422,46.540844272944,42.527064472632006,22.5,17.0,12.124903836588338,23.587553880795962,26.52138163983893,0.21559451520442965
200401001,0.00394072281648,0.00029560819301,0.004279361176050001,0.00049876417914,0.0051,0.0004000000059604645,48.37294035604801,45.134395523208,44.0,34.09999847412109,12.935733856966193,24.607556711800385,27.80039927429057,0.1825895607471466
200401001,0.0248099992123,0.00029527563588000003,0.027158984240040002,0.00049668469197,0.0206,0.000699999988079071,48.750187438008005,45.814811114159994,26.0,20.5,9.89839044227542,-25.389752063044963,27.25097909615564,0.25064268708229065
200401001,0.00537621995626,0.00032284596905,0.00639769739297,0.00052899947422,0.0048,0.0004000000059604645,50.732666807327995,47.109761731764,35.79999923706055,34.900001525878906,8.55542462952666,28.32291078812096,29.586836768780927,0.16558167338371274
200401001,0.01448342490973,0.00013767889276,0.01449195898266,0.00023842313718,0.0117,0.0005,45.185768898588,44.82833097315601,22.200000762939453,21.799999237060547,7.40057771457916,1.0058854043739127,7.468624665442653,0.888861358165741
200401001,0.00657138699472,0.00012427506457,0.00662219181533,0.00021471198847,0.005,0.0004000000059604645,45.562735720656,44.778784303872,41.0,34.59999847412109,4.822377630290079,0.6897349549337479,4.87145358236468,0.949427843093872
200401001,0.012816041205450001,0.00022075063926,0.01240387501705,0.00038659945564999994,0.0127,0.0005,44.79023854944001,43.479203861196005,21.600000381469727,21.0,4.172054723433,21.772633030644407,22.168747302712113,0.36827385425567627
200401001,0.00615425647043,0.00013428560144999999,0.006518982021539999,0.00022826887629,0.0054,0.0004000000059604645,47.23023556123201,45.21866972507999,33.700000762939446,32.700000762939446,-0.0001472234061261747,14.888054322170765,14.888054322898679,0.627043604850769
200401001,0.0060134870923100004,0.00014870287826,0.00625006201059,0.00025433592593,0.0055,0.0005,46.858544136540004,45.1280348316,44.0,35.5,-1.0148812537805043,-15.979658142615106,16.011853449739412,0.6664381623268127
200401001,0.00682561407715,0.0002910719069,0.00688186867061,0.0005034773300899999,0.0064,0.0004000000059604645,47.303427934044,42.779401089408005,31.399999618530273,29.79999923706055,-5.139526293044192,30.522297525812878,30.9519738091786,0.16811542212963104
200401001,0.00903039351973,0.00012859320574,0.010263150414860001,0.00021387990628999999,0.0087,0.0005,50.391488216304005,45.79435224972,33.0,25.399999618530273,-7.794936659264813,-9.125271920503089,12.00131169652449,0.7827786207199097
200401001,0.005543296742340001,0.00012802499131999998,0.00617041909904,0.00021438760972,0.0052,0.0004000000059604645,49.840426561428,45.366004344779995,45.099998474121094,34.09999847412109,-8.067361499821551,-10.436964667656119,13.191374192358944,0.7405356764793396
200401001,0.005156617686979999,0.00023076531904,0.005842918899739999,0.00038524560947000006,0.0058,0.0004000000059604645,52.00693785061201,43.814304891468,33.400001525878906,31.70000076293945,-10.7461930309226,23.841577306413942,26.15147456006964,0.2627007663249969
200401001,0.008290051752350001,0.00011002091873000002,0.00836533706987,0.00019002004706,0.005900000000000001,0.0004000000059604645,45.964732972751996,44.549561961108,31.5,30.899999618530273,-11.211029218379874,-7.11900579709659,13.280332827549545,0.7196373343467712
200401001,0.026955610617580002,0.00017329907567,0.027573193265180002,0.0002979173087,0.0284,0.0012000000476837158,45.8293069458,45.373623640884,17.0,16.5,-12.855967313989925,-13.059199020851812,18.32533163768987,0.5342097282409668
200401001,0.0109976762274,0.00021553217005,0.014211032874450002,0.00034594250667,0.0119,0.0008999999761581422,57.308172538212006,45.899272879848006,29.899999618530273,27.5,-16.020772316215755,-17.590647097048286,23.79272516598603,0.3277284502983093
200401001,0.012301843656490001,0.00014783136006,0.012511953280170001,0.00025475260171999996,0.0108,0.0005,46.810871468964,44.006116809492,23.29999923706055,22.60000038146973,-18.469697554124085,-0.5530166663424806,18.47797478706646,0.5031248331069946
200401001,0.011849067438489999,0.00027805816583999996,0.01229565472575,0.00047580289083999996,0.0123,0.0006000000238418579,46.398011686416,44.94480428887201,32.799999237060554,29.0,-20.508069125809374,26.33437324613729,33.37771542164359,0.1048615425825119
200401001,0.012871099287969999,0.00020830149578000002,0.014237261894379998,0.00034929615830000003,0.0117,0.0005,49.132091991852,45.608207425704,34.299999237060554,22.0,-22.920846675394028,-1.2545865752483931,22.95515577093995,0.34828683733940125
200401001,0.02230566188465,0.00021006478986,0.022976616714689996,0.00036034891567,0.02,0.000699999988079071,46.601410006044006,44.814137448708,22.200000762939453,17.700000762939453,-23.07667599273365,-3.9458741280485112,23.411592505487423,0.3331967890262604
200401001,0.012174731840679999,0.00029122569062,0.01201817358952,0.00050756661838,0.0105,0.0005,47.279113039331996,42.543690210503996,25.60000038146973,23.0,-24.052060060889843,-20.778500464760718,31.784282750648448,0.10962610691785812
200401001,0.0130024672465,0.00024863567933,0.012925862725160001,0.00043153638478,0.0111,0.0005,45.17496323244001,44.46775454022,34.0,22.5,-26.39370989777667,7.316119598169927,27.388911559872657,0.21725386381149286
200401001,0.019591610223040002,0.00026233733962,0.020027293305869998,0.00045110226186,0.019600000000000003,0.000699999988079071,45.782800614863994,45.006354499536,18.5,17.799999237060547,-28.617957174350465,16.001986221166998,32.78788070007184,0.10434923321008682
200401001,0.01062855493799,0.00026041821365,0.0114340990617,0.00044037624691000007,0.0089,0.0005,47.186494740684005,46.139658965712,36.0,31.20000076293945,-28.360307454592746,2.271684114170966,28.45114181473657,0.1943664252758026
200303001,0.00914669945539,0.0001414362589,0.009630192773360002,0.00024094667297,0.0079,0.0004000000059604645,47.237523595416,44.929539922212,27.29999923706055,25.70000076293945,14.990152941481115,11.055657387631996,18.62609649975505,0.4528482854366303
200303001,0.01616067866187,0.00010553524031,0.01611224183119,0.00018298156065999998,0.016800000000000002,0.0006000000238418579,45.14401952870401,44.445789312623994,23.0,18.5,4.436335116419962,15.006276928289337,15.648299955874634,0.5905517935752869
200303001,0.00511943650193,7.83063077e-05,0.00519552671813,0.00013498792296000003,0.0035,0.0004000000059604645,46.046172693816004,44.72185564854,45.70000076293945,41.79999923706055,1.0890463294820492,-4.8654038931301935,4.985797444658485,0.97909814119339
200303001,0.005257819817239999,7.892150924e-05,0.005331435061060001,0.00013608222201,0.005900000000000001,0.0004000000059604645,45.937071797796,44.72827352067601,36.400001525878906,30.5,-4.028674420015708,-1.5547943264462614,4.318286914207782,0.9643166661262512
200303001,0.03679197263365,0.00015786735736,0.036887640360550006,0.00027326078308999996,0.0324,0.001,46.0813709412,44.363231431056,16.100000381469727,15.5,-6.900657150565124,-16.420933369351626,17.811955526100434,0.5778451561927795
200303001,0.006330069187810001,0.00017865159327000002,0.007594785452489999,0.00029267387745999997,0.0072,0.0005,53.701416423756,45.593475139511995,49.0,39.79999923706055,-7.106320184241767,-18.442551467506146,19.764286142595466,0.5019934177398682
200303001,0.02577567994071,0.000230072425,0.02747724967189,0.00039026193021999997,0.0269,0.0008999999761581422,47.224127784420006,45.156453830316,18.5,16.0,-7.369390182762183,29.725950970282426,30.62578520174438,0.17178255319595334
200303001,0.01487363472169,0.00020939268942,0.018140080506580003,0.00034182774856,0.0165,0.001,54.727236734364006,45.572240191824,36.70000076293945,19.799999237060547,-11.340340429309773,-23.36758791741623,25.97393896694664,0.26798364520072937
200303001,0.005263815570189999,0.00018170326133000003,0.00561222315728,0.00030828616141,0.0053,0.0004000000059604645,48.201500427732,45.15205887842399,49.5,36.5,-13.37441618692541,-19.104561417317512,23.3207511426052,0.3518736660480499
200303001,0.00813558626497,0.00011593079840999999,0.00833691055969,0.00019920469092,0.0062,0.0004000000059604645,46.31149806894,44.646704787564,39.099998474121094,29.5,-14.151091366765128,8.70192037446008,16.61253675305313,0.5631222128868103
200303001,0.0069908890884799995,0.00016252397335,0.00703615022513,0.00028089608627,0.0062,0.0004000000059604645,45.328620579192,45.20278890158399,37.900001525878906,29.899999618530273,-17.213853949497288,-12.606976342826009,21.336618569030467,0.4110191464424133
200303001,0.00466248804696,0.00024764768749,0.00579011046644,0.00040526455508999997,0.0052,0.0004000000059604645,59.414796714492,42.601250449188,48.599998474121094,34.400001525878906,-21.810775050450367,-15.456746757164359,26.73233478399075,0.2312151938676834
200303001,0.0065788587696699995,0.00022471677422,0.00686407536264,0.00038399248717,0.0054,0.0004000000059604645,47.339752480632,44.38726290648,35.09999847412109,31.79999923706055,-28.894246489983765,13.419282653660419,31.858285997285048,0.12017648667097093
200126041,0.00603281283816,0.00025489132912,0.00764298112348,0.00041004400454000003,0.0056,0.0004000000059604645,54.321299540964006,47.570201425727994,38.900001525878906,32.200000762939446,22.348703646065548,-22.336175392718754,31.596871007208236,0.12087030708789825
200126041,0.008284439647500001,0.0001972120623,0.00921417522878,0.0003299990162300001,0.0074,0.0005,48.472591939344,46.383786710712,42.20000076293945,28.10000038146973,20.855656398102862,5.558968231901741,21.58379374638462,0.347863107919693
200126041,0.02406476964437,0.00017410041358000003,0.026144946166189998,0.00029348944954000003,0.024,0.0008000000119209289,47.620733586588,46.14017499486,24.70000076293945,22.60000038146973,19.285925633526446,4.111772364788363,19.719366677343046,0.4217340052127838
200126041,0.00707706215072,0.00017519864219,0.0080051835361,0.00029202310569,0.0066,0.0005,50.540364208620005,45.256507169184,40.20000076293945,29.79999923706055,18.000509380427808,4.569464307778388,18.57143374086623,0.4643561542034149
200126041,0.01779826688125,0.00023748884167,0.018421430167,0.00040669343161999996,0.0157,0.0008999999761581422,45.9228332286,45.307403489952,22.79999923706055,20.0,19.322460909810573,23.15476827581553,30.15783718277524,0.11020923405885696
200126041,0.01210369220723,0.00017571274128000002,0.01299752535867,0.00029734434407999996,0.01,0.0005,47.560283099963996,45.594237398291995,38.5,36.29999923706055,16.724533528644972,8.786628995930279,18.89217461725152,0.44340357184410095
200126041,0.00358700957583,0.00015377471094,0.00343357020058,0.00027029371485000006,0.0034,0.0004000000059604645,44.353236124692,43.5248555256,49.5,45.29999923706055,16.374930357608637,12.887923582220775,20.838321964189912,0.3662944734096527
200126041,0.07142759526399,0.00025225551103,0.07164776418862,0.00043647206163,0.06420000000000001,0.002,45.007701837587994,44.964666686484,20.200000762939453,15.699999809265135,11.753890850948201,11.625772532156113,16.532150810932652,0.5368863344192505
200126041,0.00587347919308,0.00025038819539,0.00572277534186,0.00043749094178,0.0061,0.0005,44.556497097732,44.1100296126,41.900001525878906,31.29999923706055,10.302317257223859,12.205440902247489,15.972165867970114,0.5629980564117432
200126041,0.04126684865343,0.00017038243953,0.04121800166351,0.00029523139907999997,0.038700000000000005,0.0012000000476837158,45.106223052888005,44.708353400411994,21.299999237060547,15.199999809265135,11.29508398449855,9.31925650029635,14.6433312951226,0.6134620904922485
200126041,0.00580716758835,0.00018332010923,0.005810111629649999,0.00031795781596,0.005900000000000001,0.0004000000059604645,47.308517021412,43.16140359378,33.5,31.0,9.561823310372743,-24.113381089934602,25.939971340830752,0.2933708429336548
200126041,0.013984245458259999,8.610880220000001e-05,0.014041844200589999,0.00014894488396999998,0.013999999999999999,0.0008999999761581422,45.302500442376,44.79675089824799,25.5,22.79999923706055,1.525461431265705,6.062944327704309,6.25190563639915,0.8993076682090759
200126041,0.02738420272286,7.356736662e-05,0.028123809486419998,0.00012631467381,0.0262,0.0012000000476837158,46.279441385964006,45.019422524736,17.700000762939453,17.5,1.0418709352022717,-5.659376114958022,5.754479305338659,0.9687225222587584
200126041,0.031202830464039998,0.00013921519309,0.03189669170643,0.0002393766072,0.0294,0.001,45.71837574717601,45.276624962928,20.600000381469727,17.100000381469727,-2.402130195920009,0.08717223805284277,2.403711396154671,0.9820056557655334
200126041,0.013839980193350001,0.00014098486578,0.014961751952620003,0.00023807353457000002,0.0131,0.0008999999761581422,47.766497210928,45.850270048632005,25.5,21.799999237060547,-3.2260611461381163,-1.3860330518838646,3.511204576155299,0.9762689471244812
200126041,0.044963914099050005,0.00010101990693000002,0.04852480313988,0.0001706715548,0.0418,0.0012999999523162842,47.695790026080005,45.893348709552,20.799999237060547,17.200000762939453,-5.399772555283612,-5.057480006128133,7.398352967100233,0.9154351949691772
200126041,0.01893204044654,0.00016884096118999998,0.01921833114369,0.00029106102259,0.0228,0.0008000000119209289,46.504894385628006,44.52463744592399,20.899999618530273,16.899999618530273,-8.66021679640785,-22.457447469180455,24.06938376701239,0.33764928579330444
200126041,0.012882963074780002,0.00010213025031000001,0.01293128480248,0.0001766949617,0.0117,0.0005,45.688328770536,44.356992464483994,32.0,22.200000762939453,-9.836876461726732,9.281812048851325,13.524641891807258,0.6778743863105774
200126041,0.00847198086998,0.00019836266373,0.00895902318908,0.00033740960551999997,0.0067,0.0005,47.193582273876,45.138900203136,40.099998474121094,30.79999923706055,-19.215248479108446,16.511694058513612,25.334935869633146,0.2682298719882965
200126041,0.00848311964907,0.0001778918013,0.00849832027394,0.0003079421738,0.0067,0.0005,45.19067574546,44.766845660663996,40.900001525878906,29.60000038146973,-20.655096765797555,8.749626678969788,22.43185387347056,0.3582362830638885
200126041,0.0055968752664900005,0.00018776149028,0.007068564609470001,0.00030321228335,0.0039,0.0004000000059604645,55.640985944328,45.990139197888006,45.0,41.20000076293945,-22.792725537275807,-1.7157973734823373,22.857214504544626,0.3518419563770294
191024043,0.01751449012498,0.00029918632117,0.01709996148304,0.00052241865625,0.0143,0.0006000000238418579,44.571180682476005,43.976290334796,23.79999923706055,19.799999237060547,17.175502896056454,22.938129061682762,28.655737412637965,0.1455698162317276
191024043,0.01294281464758,0.00016128801957,0.013245501077129998,0.00027731987261000004,0.0121,0.0005,46.776230061624005,44.410247278524,27.0,25.20000076293945,16.468199283273275,-6.250062685667437,17.614328610538884,0.5585270524024963
191024043,0.00924964963546,0.00024456280534,0.00965077902308,0.00041844459310000007,0.0111,0.001,48.510782536140006,43.253116028064,41.400001525878906,25.60000038146973,14.55477943108076,18.344109610861064,23.41678780385937,0.2870919406414032
191024043,0.01107914654038,0.00024121795734,0.01135923633181,0.00041463787562,0.0074,0.0005,47.0947488183,44.575446805380004,31.0,30.0,10.710800134642696,-28.72940515217105,30.66100600419745,0.1560436636209488
191024043,0.00700090046297,0.00015873116028999998,0.006926835578439999,0.0002759851553,0.0073,0.0005,45.410724588708,43.887853586232005,31.60000038146973,27.20000076293945,9.59917373532612,14.001320428661925,16.975882912385867,0.5275477766990662
191024043,0.01785177306251,0.00027284038211000005,0.017062045638940003,0.00047982167905,0.0187,0.000699999988079071,44.81549995068,43.716528521280004,26.79999923706055,20.399999618530273,8.909086140644648,-31.73854272121949,32.965203697019106,0.1078970655798912
191024043,0.03536852139575,0.00011158787865999998,0.03624585078363,0.00019171323947,0.0347,0.0011000000238418578,45.750725523971994,45.289408343256,19.200000762939453,16.0,6.15047319939322,4.083011777908306,7.382363305047674,0.8768365383148193
191024043,0.010976448043559999,9.501669309000001e-05,0.011188648210709999,0.00016353912803,0.0103,0.0005,46.013218344756005,45.020809153368,25.60000038146973,23.399999618530273,3.3211850650276644,-9.373951769528503,9.94490898278379,0.8791858553886414
191024043,0.02602859811509,0.00020106192146,0.03094612020207,0.00033044880827999996,0.027100000000000003,0.0012000000476837158,52.869338386848,45.197315650511996,20.5,19.0,2.022096903514317,19.865672497600148,19.96831926215568,0.443209171295166
191024043,0.0046735180082,0.00015140954303,0.00466926188635,0.0002623918482,0.0044,0.0004000000059604645,45.713443698431995,43.985854192788,39.79999923706055,36.900001525878906,2.096730669300804,16.295339189236973,16.429678203346224,0.5664206743240356
191024043,0.13385095726792998,0.00055940943128,0.13268337339515,0.0009725222420499999,0.1447,0.0050999999046325685,46.3878047142,43.831755890172005,20.700000762939453,18.299999237060547,-0.5983893477786215,-33.324364461826484,33.329736353300035,0.1014757826924324
191024043,0.00339040352338,0.00015952937124000003,0.0032757675046199996,0.00027958808311,0.0034,0.0004000000059604645,45.03260315556,43.164106102368,49.20000076293945,43.900001525878906,-2.8790117046801402,17.283370062166625,17.521515895210303,0.5341264009475708
191024043,0.00566186518146,0.00025607712836999997,0.00584654034133,0.00043918710863,0.0058,0.0005,46.959051504888,44.142273368459996,42.79999923706055,34.0,-3.8831961284558143,23.104992841637692,23.42903496377052,0.342049241065979
191024043,0.01121842443808,0.0001173510064,0.011622874952519999,0.00020092686791,0.0101,0.0005,46.569723676452,44.870564170476,34.09999847412109,23.5,-7.887102755070154,10.604636504748743,13.216070064617336,0.6881182789802551
191024043,0.025538633601720002,0.00018930638436000002,0.02568148681774,0.00032731885063,0.0252,0.0011000000238418578,45.86192354502,44.723841218496,27.899999618530273,17.100000381469727,-9.561518048934703,-18.817305773195447,21.107172025148735,0.4431909322738648
191024043,0.0075456368663799995,0.00012449336545,0.00762862782441,0.00021489214522999998,0.0066,0.0004000000059604645,45.88909258266,44.429477137848,33.59999847412109,29.10000038146973,-9.833752983938153,10.92281455695369,14.697287170715628,0.6345467567443848
191024043,0.08424978207397,0.0002156286388,0.08455264265481,0.0003730562805,0.0824,0.0025,45.539598113783995,44.84449967652,17.200000762939453,15.399999618530273,-14.531878356178876,-12.668394761688702,19.27855696060597,0.494913786649704
191024043,0.01144644317699,0.00014372734058,0.012001274395069999,0.00024515525351,0.013000000000000001,0.0008999999761581422,47.275644926124,44.999484353496,30.20000076293945,31.0,-14.423826696007175,-5.166986392256571,15.321369660411198,0.6335035562515259
191024043,0.0050576379824300004,0.00025510381882,0.005108241493130001,0.00044071230347000006,0.0058,0.0004000000059604645,46.550076494436,43.59829776822001,43.0,31.70000076293945,-14.445479607731054,20.584072718876573,25.147036346416197,0.2819752991199493
191024043,0.030090919411499998,0.00018190551116,0.030138706488799998,0.00031490413037,0.032100000000000004,0.001,45.028309045608,44.990113533264,16.200000762939453,15.600000381469727,-19.869627850522672,3.1783848623968782,20.122229716387988,0.4395530521869659
191024043,0.040170356778449996,0.00038498743555000003,0.041291686895949996,0.00066083899735,0.0481,0.0015,46.411081479468,45.092950219476,18.600000381469727,15.800000190734865,-26.876212187128715,-13.890614228314323,30.253528952571664,0.1464017629623413
191024043,0.005754711946729999,0.00030240118971,0.00585044488108,0.00052190415104,0.0056,0.0004000000059604645,48.021921847440005,42.988654863432,41.79999923706055,32.299999237060554,-28.125522794952303,-7.021723541366162,28.988765649940603,0.18126587569713595
200131001,0.0104588752618,0.00024571036293,0.01016899688967,0.00042980685149000006,0.0134,0.0006000000238418579,45.832591412856,43.129928721168,27.0,20.299999237060547,21.30445404260233,-10.409940380528363,23.71171089318133,0.3337410688400269
200131001,0.0052006922176899995,0.00023351226874,0.00513089730411,0.00040638717437,0.004200000000000001,0.0004000000059604645,45.777442916124,43.736615382852,40.0,37.5,21.067320657841687,-5.598924480555751,21.798613777286054,0.38412392139434814
200131001,0.02449328016777,0.00017855192436000002,0.024798115935529996,0.00030802526198000005,0.019600000000000003,0.000699999988079071,46.044777946356,44.586980383644,24.60000038146973,17.600000381469727,17.37567106640331,-3.5316821547903707,17.730950838496778,0.5392095446586609
200131001,0.01195580631789,0.00018732034837,0.01278600483486,0.00031746796894,0.0103,0.0005,47.814817785551995,45.263869936488,24.60000038146973,22.70000076293945,17.475950804163553,1.6737405577711262,17.555917516110316,0.5178112387657166
200131001,0.02709515318166,0.00015773004847999999,0.02799838159773,0.00027025472005,0.025,0.0008000000119209289,46.172302096932,45.276600187656,24.20000076293945,16.5,14.876345110402687,2.545199015199417,15.092502822091234,0.6138390898704529
200131001,0.06923983931019001,0.00045617722175000003,0.06856950228042,0.00079273326919,0.0595,0.0017999999523162845,45.194798847996005,44.008233316596005,17.200000762939453,15.600000381469727,13.525693286923039,21.81610698868484,25.668744557518483,0.2292564660310745
200131001,0.0062852625421,0.00013499191984999998,0.00653709014523,0.00023084691842,0.0063,0.0005,46.894933871748,44.950090290263994,43.29999923706055,33.799999237060554,13.265869374778926,-2.1981548880401367,13.446752440519829,0.7080139517784119
200131001,0.01035281899542,0.00041497923636,0.01018737579535,0.00072300479001,0.0078,0.0004000000059604645,45.466481995344,43.42755184704001,26.79999923706055,25.899999618530273,11.643324327273538,24.266464259151512,26.91516370722349,0.20723490417003632
200131001,0.00956742054357,0.00017653563145,0.00984860249891,0.00030287408870999997,0.0097,0.0005,46.414001607299994,45.19569047961601,36.099998474121094,34.299999237060554,9.645694818635516,-16.424683417926172,19.04754435561463,0.551245391368866
200131001,0.05795292921818,0.00032277495666000003,0.06236677042563,0.0005459450990599999,0.0593,0.002200000047683716,47.958401409048,45.883955640852,18.399999618530273,18.399999618530273,8.043107899708396,-25.30355868908082,26.551092232652394,0.27603718638420105
200131001,0.01716538893547,0.00032681080464,0.01964939826561,0.0005421261658799999,0.0179,0.001,50.09028263604,46.726767025164,24.70000076293945,21.399999618530273,6.881511906796176,-25.15337939353229,26.07770802750145,0.29149454832077026
200131001,0.012494816848160001,0.00010284697899999999,0.01377623709177,0.00017273716615000002,0.0122,0.0005,49.4749732554,45.008040604572,25.0,21.0,2.0058242199722485,6.9722962505951145,7.255083754921745,0.8739256262779236
200131001,0.02442275836073,0.00032613877093,0.02400694464369,0.00056822001713,0.0209,0.000699999988079071,44.994518655516,43.727755294511994,23.5,17.299999237060547,1.934883323559652,31.018036517383948,31.078324621426074,0.15719027817249298
200131001,0.007086459457149999,0.00012512661644,0.00698826168815,0.00021774243367,0.0062,0.0004000000059604645,45.012665879387995,44.562769342020005,32.59999847412109,30.20000076293945,-2.7738717245237865,-11.677161946805125,12.002101727769759,0.8067202568054199
200131001,0.04106300658993,0.00012395815443,0.04154196944275,0.0002138947111,0.038200000000000005,0.0012000000476837158,45.803096934912006,44.52129770976,19.600000381469727,16.5,-3.4550009368585526,12.136337744221851,12.61854491312323,0.7088496685028076
200131001,0.00910647043721,0.00019984151909000001,0.00924966972707,0.00034441897214,0.0086,0.0005,46.126221091704,44.258218098984,39.099998474121094,25.20000076293945,-3.4532656413179863,19.879125570249922,20.176831864998977,0.444188117980957
200131001,0.055782294122289994,0.0001025429921,0.05740949088872001,0.00017592808825,0.0545,0.002,45.930635935668,45.52975099432801,14.800000190734865,14.800000190734865,-4.953196259935248,-8.956481816054538,10.234874899089068,0.8491814136505127
200131001,0.02322015529265,0.00027777243572000003,0.02576293368267,0.00046559740601,0.0247,0.0011000000238418578,50.12566040862001,45.249064603632,21.799999237060547,20.299999237060547,-5.358052124667976,-24.6948678331997,25.269442535598692,0.30564412474632263
200131001,0.00733128922455,0.00011822530811000001,0.00760380987323,0.00020231341275999998,0.0077,0.0005,46.060488925019996,45.774062361396,36.400001525878906,26.399999618530273,-10.463196633140019,-10.037483582668822,14.499284442653039,0.6861696839332581
200131001,0.0029140749166399996,0.00013905000368999998,0.0031988501581100004,0.00023371947799,0.0036,0.0004000000059604645,48.743465770727994,45.81581519948399,44.29999923706055,41.0,-10.91697470304042,-12.071975103035646,16.276130672600573,0.6188907623291016
200131001,0.011458233909700001,0.00011261951177,0.01171438704361,0.00019364188438999997,0.0099,0.0005,45.894705640236,45.036389082636006,24.5,23.10000038146973,-12.151040737073494,4.2615932172429725,12.876680166559325,0.7048357129096985
200131001,0.010714183985020002,0.00024430243359,0.01084261696276,0.00042147280864,0.0097,0.0005,45.69851774844,45.181731927888,30.899999618530273,28.60000038146973,-12.850012730943586,-19.54468686937789,23.39050732501787,0.3502655327320099
200131001,0.00377889808815,0.00031721686879,0.0047594324069100006,0.0005268565487700001,0.0079,0.0008999999761581422,65.45777708811599,39.320216658108,36.0,28.20000076293945,-21.04271127252201,-23.6353350640587,31.645185801689948,0.11194057017564774
200131001,0.0119966627629,0.00028042913541,0.01126401786997,0.00049628609315,0.0099,0.0005,44.049429417564,42.794338450788004,24.60000038146973,23.10000038146973,-22.081671886185145,22.782826943570925,31.72775280787448,0.1251569539308548
200131001,0.02316206052682,0.000334622797,0.02549607137178,0.00056162993932,0.0216,0.000699999988079071,47.476505671451996,47.33707686048,19.799999237060547,17.0,-24.128014307017175,-21.218583295891133,32.13070118556577,0.10362870246171953
200131001,0.00837243095458,0.00028555882569000003,0.00846504832535,0.00049289014264,0.0078,0.0004000000059604645,46.07288250984,44.614837508436004,26.79999923706055,25.899999618530273,-25.5010454099118,-10.172112532323068,27.454932024654283,0.21485185623168945
200406013,0.07931346174485,0.00032406338342000005,0.08961980857869001,0.00054027096242,0.0728,0.0025999999046325685,50.576521922892,45.19464622722,19.399999618530273,18.100000381469727,21.701042760174733,4.276294133386103,22.11835675391778,0.33177080750465393
200406013,0.01211156325974,0.00026473023039,0.01396376907204,0.00043951309062,0.0096,0.0005,52.659202818744,44.527421351844,37.599998474121094,25.0,21.724040287732077,-17.144378898460246,27.67417102115203,0.2184855788946152
200406013,0.01305852928566,0.0002403365887,0.01315269480923,0.00041535679176,0.0128,0.001,45.969958216476,44.160228826704,36.099998474121094,23.10000038146973,19.96872263275464,19.111333020898737,27.64034778294116,0.15648235380649567
200406013,0.009833479171219999,0.00024055064877,0.01005400241789,0.00041372592978,0.0085,0.0005,46.525503213792,44.742455354591996,37.0,26.60000038146973,16.122835567917182,-21.655695641999607,26.99836184032897,0.25035306811332697
200406013,0.00981704223848,0.00025643856853999996,0.01032373211339,0.00043691818307000003,0.0086,0.0005,47.239073429652,45.37825304104801,41.79999923706055,30.70000076293945,12.793958482671695,-26.348544991446765,29.29040784308961,0.18868550658226013
200406013,0.00472881763613,0.00023973364290999998,0.00508660279302,0.00040600627116000004,0.0052,0.0004000000059604645,49.214284432056,44.529164065872,36.099998474121094,34.5,12.916589434918162,-24.17085335812611,27.405577633964587,0.24223260581493375
200406013,0.00549591315381,0.00020122534962999997,0.005926950930869999,0.00034018649806,0.0031,0.0004000000059604645,48.483374377284,45.270060636168004,49.29999923706055,47.0,12.115125410753373,-20.13707947342955,23.500564986961926,0.375213086605072
200406013,0.0114273905846,0.00011175897145000001,0.011579344663229999,0.00019272908934,0.0106,0.0005,45.678700113191994,45.018946311336,24.60000038146973,23.20000076293945,10.51273331332751,-8.73121998333049,13.66570621952001,0.7410047054290771
200406013,0.01613367512865,0.00010518662453000001,0.01720873969929,0.00017839109965,0.0169,0.001,47.33961127002,45.485222616899996,22.79999923706055,28.0,3.5349780726626463,12.539924385452595,13.028649897186884,0.6861328482627869
200406013,0.019519449271390002,0.00010057173340000001,0.02102417085445,0.00017006867469,0.0193,0.001,47.988947492280005,45.321712845120004,20.5,25.60000038146973,0.8538228949820406,11.457226993994777,11.488997398762367,0.7432543635368347
200406013,0.01241550241713,0.00021765380024000002,0.01233933705662,0.00037788315181,0.0115,0.0005,45.690420756744004,43.770167903124,28.60000038146973,22.299999237060547,0.4588198789369706,25.79412927122896,25.798209561743192,0.2741623818874359
200406013,0.009870958428540001,0.00014482548808,0.010229802398040002,0.0002479074699,0.0083,0.0005,46.273968531323995,45.558411374052,29.10000038146973,26.20000076293945,-3.2270596704593517,-18.178588696021574,18.46279783862829,0.5635177493095398
200406013,0.02193157226129,8.444565471e-05,0.022407736355070002,0.00014522799528,0.0188,0.000699999988079071,45.814206094667995,45.22262567922,20.0,18.200000762939453,-4.835784421320319,-5.575896030021381,7.3807456940667375,0.9187440872192384
200406013,0.00487627332501,9.507222693000002e-05,0.0054304824525500004,0.00015926486857,0.0045,0.0004000000059604645,50.19731753706,44.844044562972,39.20000076293945,37.20000076293945,-4.8024327867820595,7.361478365747009,8.78946466793764,0.833928644657135
200406013,0.04299787781105001,0.00029194082014,0.04635701293541,0.0004935584767400001,0.0424,0.0012999999523162842,47.803937931252,45.347025093515995,21.600000381469727,17.399999618530273,-6.211544658524299,28.850256573413386,29.511348420530137,0.1941675990819931
200406013,0.01680183503052,8.675034146e-05,0.01767695810042,0.00014779608676,0.0136,0.0006000000238418579,47.176135033104,45.156202478316004,20.799999237060547,20.600000381469727,-7.83554876965548,0.3458415318756753,7.843177333181792,0.8766571283340454
200406013,0.00618472778146,0.00025288114672,0.00636807142156,0.00043385076472,0.0047,0.0005,46.432921269527995,45.16417625274,49.599998474121094,36.599998474121094,-8.199313824049664,-23.073004972265373,24.48655337445232,0.3250262439250946
200406013,0.044792027627720006,0.00025101402093,0.04551540582741,0.0004324994997,0.034,0.0011000000238418578,46.07061499008,44.916507798299996,18.700000762939453,15.600000381469727,-10.701449364672984,-22.4752385939017,24.892885262862826,0.3042713701725006
200406013,0.01767989840272,9.485804768e-05,0.01834326160283,0.00016231429188999998,0.0162,0.0006000000238418579,46.330747381260004,45.39569009436,26.10000038146973,19.399999618530273,-10.784952802475908,-4.263570345989061,11.597119444498801,0.7736457586288452
200406013,0.03116616856387,0.00029909169981,0.03125778594622,0.00051756372928,0.0268,0.0008999999761581422,45.72780173931599,44.71094753658,22.70000076293945,19.0,-11.287391835808089,-26.570558928454844,28.868621013461627,0.18325479328632355
200406013,0.06167744509939,0.00024564237986,0.06428232883149,0.00041972394647,0.0559,0.0017000000476837158,46.26654251767201,45.340619479020006,19.899999618530273,16.100000381469727,-12.158335510738064,24.691607211063534,27.522682409826537,0.2287612408399582
200406013,0.0092621446537,0.00014740801562,0.0096806455913,0.00025166264036,0.0074,0.0005,46.95884814463199,45.102693164544,30.70000076293945,27.79999923706055,-19.32103771366367,-2.7334918342410277,19.51344145114453,0.4689478278160095
200406013,0.009737772632530001,0.00021894755955,0.010154824110129999,0.00037412497754000005,0.0075,0.0005,47.044415844144,44.717721581843996,36.5,27.899999618530273,-22.931304748895048,15.524099730988667,27.69185503977201,0.20629444718360898
200406013,0.005723557886619999,0.00022170584132,0.0063599775647000005,0.00037154778262,0.0048,0.0004000000059604645,49.992122032595994,44.843520667176,37.70000076293945,35.79999923706055,-21.615229977458366,15.149883643776818,26.395721561970852,0.2386162430047989
200406013,0.01402946426801,0.00019327969078000002,0.014695616561200001,0.00032976058247000003,0.0124,0.0006000000238418579,47.196473130684005,45.039719534940005,25.70000076293945,21.5,-22.655501242802742,-8.546021885735403,24.213739267427265,0.3085477948188782
200406013,0.01639042147273,0.00026522569330000005,0.017222706175919998,0.00045211311847000006,0.0198,0.000699999988079071,47.0693400669,44.979711144912,21.100000381469727,18.899999618530273,-23.79458677759612,20.50684050590081,31.411879151266106,0.12920120358467102
200406013,0.00976362453209,0.00022335191169000002,0.010629366593209998,0.00037636533668000005,0.0077,0.0005,48.419314972559995,45.617032905444,32.200000762939446,27.20000076293945,-25.18184962288057,-7.524398791663562,26.281954169613265,0.2477899193763733
200406013,0.00654185389398,0.00022607755751,0.00758476712709,0.00037357823262999996,0.0068,0.0005,50.483853525384006,46.61390387462401,45.20000076293945,29.79999923706055,-25.584748689657715,-9.160225451165552,27.17512735258773,0.2224850207567215
200406013,0.00667636277364,0.00022144385343999997,0.00683039374467,0.00038082372369999996,0.0054,0.0005,46.496758775112006,44.465368489092,49.0,34.0,-28.18538256214084,8.38337349962623,29.405699560344477,0.1706274002790451
191227014,0.00662798102876,0.00024020928776,0.006456990194390001,0.00041974707432999994,0.0051,0.0004000000059604645,44.898692472179995,44.343662050836,42.29999923706055,33.400001525878906,17.721744910802848,-21.85236387934176,28.135063884337054,0.21488113701343536
191227014,0.00895665901555,0.00027723832441,0.008827232830370001,0.00048381901683,0.009000000000000001,0.0005,47.541299244588004,41.497348651812,38.0,27.29999923706055,14.333764102090283,28.061352944412324,31.510185007202875,0.1081770732998848
191227014,0.009543702871870001,0.00011295545898999998,0.00944293861337,0.00019633945175999998,0.008199999999999999,0.0005,44.886181078152006,44.789819948424,30.70000076293945,25.399999618530273,11.467429224851447,-8.12050461967673,14.051486886456793,0.7197087407112122
191227014,0.00788849029047,0.00011285792088,0.00777924686895,0.00019639154435,0.0075,0.0005,45.069201109548,44.437228639379995,35.599998474121094,26.5,10.435144560497527,-6.928405175818614,12.525769151861931,0.7742288708686829
191227014,0.00736914389996,0.00011022259963000001,0.00826198438717,0.00018407419009,0.006999999999999999,0.0004000000059604645,49.615394724287995,45.565780210668,31.899999618530273,28.10000038146973,6.045333406335765,10.200620024844794,11.85742795163349,0.7241461873054504
191227014,0.01199438311193,9.553826792e-05,0.01153600042103,0.00016768611349000004,0.0106,0.0005,44.86206713367601,43.275629273688004,23.399999618530273,22.200000762939453,3.6838100381095593,7.655713385762419,8.49590380173436,0.8368439674377441
191227014,0.00659615025243,0.00016683965201999998,0.00716332166832,0.00028201280255000003,0.0062,0.0004000000059604645,50.620008815747994,43.834327201152,31.70000076293945,29.5,-0.9255906392346079,-21.359259750149576,21.379305042066072,0.4586756825447082
191227014,0.0040898383969299994,0.00010804355631999999,0.00408430521977,0.00018722751012,0.0032,0.0004000000059604645,45.513554503032,44.697468250584,46.70000076293945,44.099998474121094,-1.4811722090005714,-14.226425635610584,14.303322864094492,0.7314074039459229
191227014,0.0072357975614,0.00018049610819000002,0.010552058377709998,0.00027900659868999996,0.0093,0.0008999999761581422,59.51886481386,49.207615279776,42.29999923706055,31.70000076293945,-7.134049904965127,19.993271652799532,21.22792984758269,0.4080950915813446
191227014,0.010548452093040001,9.296139086e-05,0.010704453677570001,0.00016023884267,0.0096,0.0005,45.884914269119996,44.865714888431995,32.5,23.5,-8.489662947164367,-4.3221101288064485,9.526540555020231,0.8447962999343872
191227014,0.00618427758403,9.310632162e-05,0.006316727227209999,0.00016014636096,0.0071,0.0008999999761581422,46.013425742844,45.0527690934,47.9000015258789,31.70000076293945,-8.365990207312738,-5.375072110382837,9.943899401470562,0.8361863493919373
191227014,0.017958447025610003,0.00022533613382,0.01736586707976,0.00039476412335,0.0175,0.0008999999761581422,44.811407774268005,43.33190928674399,22.70000076293945,18.600000381469727,-10.828303852684543,20.451085418860014,23.140822715121303,0.34475964307785034
191227014,0.014010534714620002,0.00019424600497,0.01506699910696,0.00032848726589999996,0.0135,0.0006000000238418579,46.899795137256,46.408537515923996,26.79999923706055,23.20000076293945,-18.649268586309628,1.3273224276339226,18.696443146990298,0.4943430423736572
191227014,0.01823261075129,0.0002587774511,0.018988004602740003,0.00044229249756999996,0.0172,0.0006000000238418579,46.775766535235995,45.001065965904,25.0,20.299999237060547,-22.75623479470788,4.559810842428312,23.208571547237945,0.3351563215255737
191227014,0.00813237049616,0.00032730065699000004,0.00869757499361,0.0005547258095000001,0.0075,0.0005,48.00736854846,45.039802892976,48.9000015258789,39.20000076293945,-24.967328846390227,3.9521379688276985,25.27818485617336,0.2742728888988495
191227014,0.005689768549199999,0.00026892526366,0.005957821851939999,0.00046059389257999996,0.0043,0.0004000000059604645,49.466795407344,42.574376869524,40.5,36.79999923706055,-26.562591962264115,16.593323729114385,31.319390234028273,0.12846750020980835
191227014,0.00761267583997,0.0002888031456,0.00905788011811,0.00047366217677999995,0.0066,0.0004000000059604645,51.793118840052,46.298850035796,42.70000076293945,29.0,-28.18831642629609,11.779193724651913,30.550408805205606,0.14502134919166565
191227014,0.17746426693489,0.00030046759377,0.1838470175605,0.00051442450413,0.162,0.004900000095367432,46.778842913831994,45.082225521504,19.399999618530273,17.0,-29.51951273863237,-12.41805185967679,32.025081641504094,0.11569896340370177
200402056,0.00965506619564,0.00021795932339,0.00894803229233,0.00038740416137,0.0123,0.0005,44.047899914328006,42.588352551852005,30.0,26.0,24.467488540986853,2.181257545599756,24.56452319188877,0.25571128726005554
200402056,0.05117864790966,0.00035048919029000006,0.053282128650980004,0.0005990566580099999,0.047,0.0017999999523162845,46.406050146288,45.321672800988,21.100000381469727,17.700000762939453,23.6868568806001,11.64206498348314,26.393232485979986,0.1823023855686188
200402056,0.0042419062689099995,0.00012104206896,0.00459758438605,0.00020420929075,0.0037,0.0004000000059604645,47.722472033472,46.000750826376,43.20000076293945,40.599998474121094,11.789076458114874,-1.0113221866426607,11.832374752819636,0.7620106935501099
200402056,0.010064424398899999,9.7665104e-05,0.009894168617280001,0.00017012960186,0.0088,0.0005,44.774777917836,44.447989907268,26.60000038146973,24.79999923706055,7.911120990891634,1.4532447127093204,8.043491269310996,0.8722813129425049
200402056,0.010903722656680001,0.00013679234283,0.011109014397860002,0.00023546760275,0.0091,0.0005,45.474265544652006,45.434506117931996,29.20000076293945,24.399999618530273,7.0052215563473945,-6.8952091460160805,9.829393288203221,0.869530975818634
200402056,0.14258946105939002,0.00018105125447999998,0.15296360372854,0.00030658879331,0.1335,0.0046999998092651365,48.099508540740004,45.25495259795999,16.5,15.699999809265135,4.9899794457448365,-9.697784160751194,10.906275553429241,0.8496626615524292
200402056,0.006059210626140001,9.047123931000001e-05,0.00603008637263,0.00015697560352000001,0.005900000000000001,0.0004000000059604645,45.551016831132,44.218664041968005,35.70000076293945,30.79999923706055,5.268101790434832,2.541323957736469,5.849035721988567,0.919836401939392
200402056,0.027065345502880003,0.00029166713834,0.028311467897330002,0.00049846111225,0.0195,0.000699999988079071,48.550454658576,43.919368337159995,20.299999237060547,17.600000381469727,4.377072872014047,-31.401494164109124,31.705079558639284,0.13311371207237244
200402056,0.02432521851514,0.00026040273087,0.02397687310727,0.00045336653483,0.0255,0.0008999999761581422,45.591668888868,43.486495403436,16.700000762939453,16.399999618530273,-2.1046689733584385,32.7301052386509,32.797702458822656,0.1377466320991516
200402056,0.01370112288125,9.637763049999999e-05,0.01606957371633,0.00015887957629,0.0131,0.0006000000238418579,52.006990304195995,45.606435890508,31.29999923706055,24.0,-5.106575873818323,6.4979774447400676,8.264429621655486,0.8506214022636414
200402056,0.00840283178285,0.00010661753238999999,0.009987593527129999,0.00017598486975,0.011000000000000001,0.001,55.322055919296005,43.419828821688,42.0,24.5,-7.14183755769492,9.713609668866305,12.056530212218206,0.7296019196510315
200402056,0.05948192936947,0.00058326697179,0.061752034921500006,0.00099811653148,0.0503,0.0016000000238418578,47.159382333564,44.851204785600004,17.700000762939453,15.899999618530273,-7.649151470217997,-29.007544933947592,29.999096531311654,0.16240717470645905
200402056,0.04052570821103,0.00010877799915000002,0.04125853035686,0.00018729078956,0.0414,0.0016000000238418578,45.489536627940005,45.311217092532,25.60000038146973,19.399999618530273,-12.522733164188605,1.0535910237045414,12.566976368114927,0.7233991026878357
200402056,0.2431517266642,0.0007970444890599999,0.25913193746183,0.0013523487548800003,0.081,0.0025,47.854429205796,45.321545512224,18.100000381469727,14.300000190734865,-12.418679886537971,-23.65024617606697,26.71245629366741,0.24167847633361814
200402056,0.00625020443867,0.00028614819884,0.007500376343439999,0.00047128412963,0.0098,0.0008999999761581422,56.03855498319599,43.109846975052,34.0,25.20000076293945,-17.76687688768755,28.581984591625808,33.65389255471236,0.10794926434755324
200402056,0.00354179128356,0.00021080276750999998,0.004196709927250001,0.00034660277905,0.0034,0.0004000000059604645,52.714895435928,45.398853148104,45.5,43.099998474121094,-20.42766627185609,12.716669395718535,24.062446394601306,0.3055882751941681
200402056,0.00520277715534,0.00023165925906,0.00534251148377,0.00039787704285,0.0043,0.0004000000059604645,46.659107315268,44.438836731768,48.20000076293945,37.70000076293945,-22.512506237802764,13.901842057556493,26.45886216478868,0.23770762979984286
200402056,0.02149437768537,0.00028492718004000003,0.02389063070055,0.00047766406637,0.0206,0.001,50.449509124631994,44.669656242864,19.100000381469727,17.700000762939453,-26.454758791472806,-5.815127624361156,27.086330583724408,0.2270354926586151
200402056,0.08011459180672,0.00030709767979000005,0.08186106242996001,0.0005281296043,0.06409999999999999,0.002,45.704712551544,45.29439465134401,16.399999618530273,14.399999618530273,-27.394895240514174,-2.2038658076479933,27.483398751341056,0.21859808266162872
200402056,0.024112271791080005,0.00040215631129,0.026613481133310003,0.00067530408076,0.0225,0.0011000000238418578,49.488277023288,45.1563384672,19.700000762939453,20.200000762939453,-31.670524404519693,0.9862394605668658,31.685876298649298,0.12992703914642334
200404055,0.008966812431260001,0.00029903839697,0.00838842599589,0.00053035175046,0.0075,0.0005,45.466822803816,41.808144500712,34.0,27.0,21.435678677785372,-17.771033062435013,27.844098900280684,0.2133012562990189
200404055,0.00447114895011,0.00024871449873,0.004199449733699999,0.00044030782716,0.003,0.0004000000059604645,45.018663732360004,42.369957325404,48.599998474121094,46.099998474121094,17.968538338115113,-15.009804921672107,23.41282900725669,0.3610365688800812
200404055,0.01326329364385,0.00023949988482000002,0.015388527535649999,0.00039609340649,0.0105,0.0005,51.652958576256,45.635851017972,29.0,22.70000076293945,13.981504293812668,-17.146238720183643,22.124067067048284,0.4217037558555603
200404055,0.0074455988473000004,0.00019757107496,0.00765428027995,0.00033928653445999997,0.0072,0.0005,47.004622590132,44.177211463031995,39.099998474121094,27.79999923706055,12.790414239925134,13.339680597365625,18.480826652952878,0.4624827802181244
200404055,0.02353944608018,0.00013071082944,0.024038697073580004,0.00022482829065000002,0.0204,0.000699999988079071,45.713455127855994,45.25611428772,26.29999923706055,17.600000381469727,10.53360573359332,-2.163280505057914,10.753446779922562,0.8063392639160156
200404055,0.01197319734707,0.00022653653691,0.01612432310328,0.00035980513033,0.0128,0.001,59.605281055332014,45.918902898,45.29999923706055,31.399999618530273,8.402996076686321,-18.9785021153212,20.755557527260546,0.4838357269763946
200404055,0.01003894826551,0.00029012106431,0.010306262045780001,0.00049935795434,0.0072,0.0005,48.59712341845199,43.010013077568,35.09999847412109,27.79999923706055,3.69432027527892,-28.04412879977001,28.286407684313364,0.2203764915466309
200404055,0.016618094098629996,0.00018810376102,0.01688476741197,0.00032410870575999996,0.0144,0.0008999999761581422,45.867961199664,45.015905192615996,22.70000076293945,28.29999923706055,2.3686481887616986,-18.48232115050488,18.63348156669245,0.5704980492591858
200404055,0.00817208782931,0.0002965369359,0.010499973264559998,0.00047639199616000003,0.0071,0.0005,56.689293249396,46.12087627322401,44.29999923706055,28.20000076293945,-2.5704073528631524,-25.45061249177668,25.580081107359373,0.2995852828025818
200404055,0.01437759751509,0.00015773126101,0.01594177818953,0.00026433913636,0.0132,0.0008999999761581422,49.383475691076,45.60411996432001,27.5,21.399999618530273,-2.746923195896269,-15.783636637244372,16.02088385579331,0.6609987020492554
200404055,0.00438988441233,0.00015607896180000003,0.00463447170776,0.00026571962279,0.0035,0.0004000000059604645,47.829277697364,44.820732872412,46.099998474121094,42.70000076293945,-4.024721476492656,-14.457209233383686,15.006971256321185,0.6954124569892883
200404055,0.019147733905169998,0.0001433190689,0.021255416566750004,0.00024031030880999999,0.0193,0.000699999988079071,50.052012375852,44.79650060814,24.5,22.200000762939453,-4.143062370752927,13.545154667595373,14.164607017159414,0.6550304889678955
200404055,0.00605662843565,0.00011078006023,0.00607877234606,0.00019170507478,0.0052,0.0004000000059604645,46.068470825436,44.066107254744,36.099998474121094,33.400001525878906,-4.208233779799647,6.095571621122085,7.407105127811159,0.8732688426971436
200404055,0.02858825697674,0.00015709075674,0.034527664474410004,0.00025700558211000005,0.0314,0.0015,53.947605718691996,45.216989087580004,24.899999618530273,17.0,-7.9801553410537185,13.77982547858689,15.923759870680252,0.5911410450935364
200404055,0.01016773771557,0.00031386994244,0.010564748606049999,0.0005369903797100001,0.0096,0.0005,47.008103234724,44.554157037936,25.10000038146973,23.70000076293945,-8.819133040669847,24.42972908254548,25.9728215908126,0.2715396881103516
200404055,0.00648084582279,0.00015719363343000002,0.0065000202100000005,0.00027203915889,0.0057,0.0004000000059604645,45.732209399532,44.300992357728006,42.70000076293945,31.70000076293945,-10.047719390974953,13.081151207229155,16.494626234279533,0.5704385042190552
200404055,0.01562421462042,0.00026293885187,0.01587506273076,0.00045329353686000004,0.0122,0.0005,46.926252620495994,44.013329510796005,21.899999618530273,21.200000762939453,-11.272954945113161,-19.90211141824313,22.872956353902854,0.370773047208786
200404055,0.0048592230119399995,0.00022873703756,0.0052040374158,0.00038783984474,0.0052,0.0004000000059604645,48.79894481694,44.291742415632,39.599998474121094,33.0,-15.567342159101644,17.91219368194067,23.73155349520525,0.3205927014350891
200404055,0.07132907705794,0.00019319972547,0.0727203224899,0.0003325224862,0.0584,0.0017999999523162845,46.140869986704,44.854226269812,16.299999237060547,16.200000762939453,-18.75133252882037,-12.88453170855762,22.75130727147539,0.3578158915042877
200404055,0.10611215436744001,0.0005179973763399999,0.10856452421604,0.00089066781325,0.09699999999999999,0.002900000095367432,46.422777939624005,44.450497099476,18.600000381469727,15.100000381469727,-18.739117552553846,21.370505072021057,28.422675636282467,0.19462871551513672
200404055,0.007379581716810001,0.00039244482224,0.00794858937586,0.0006633567047300001,0.0062,0.0004000000059604645,47.059525407924006,46.334054203416,34.200000762939446,30.10000038146973,-25.724259110715565,1.7978388255269404,25.7870058539123,0.2623090147972107
200404055,0.057288019383300005,0.00056103460212,0.057510913463580005,0.0009705902255499999,0.0438,0.001399999976158142,45.568100578392,44.569795296492,17.299999237060547,15.0,-30.86682256383873,5.246881835747744,31.30957943467833,0.13627447187900546
190913046,0.01164981042907,0.00020766410071000003,0.01135374101947,0.00036292499639,0.0091,0.0005,45.722707679412004,43.572713170968,30.70000076293945,24.60000038146973,10.59467054541893,-20.44272557787989,23.02500271319166,0.3990798592567444
190913046,0.12745785018187,0.00104928847662,0.15454273180998002,0.0017116868210400001,0.1114,0.004,52.251524122752,46.410027769584,16.700000762939453,17.0,8.828235605738664,27.49734518361495,28.879751971533214,0.17650023102760315
190913046,0.02418401602814,0.00014756469528,0.02423445538003,0.0002554225693,0.0198,0.000699999988079071,45.568214834112,44.867380064112,23.5,19.399999618530273,5.495291905695367,-16.31127234467015,17.21207750434742,0.6294588446617126
190913046,0.022851287844619997,0.0005297113756700001,0.0284166122146,0.00085605468391,0.0206,0.001,51.60203134952401,48.050534365452,27.5,18.100000381469727,3.2503846902476337,34.571487198962735,34.7239452197932,0.10196046531200408
190913046,0.018267860361169997,0.00030601754751,0.016562001765719998,0.0005480802655000001,0.0132,0.0006000000238418579,43.742249397108004,42.596564625324,25.399999618530273,20.5,2.2443064100784413,-31.993342585894737,32.07196183059463,0.12759758532047272
190913046,0.012000508562290001,0.00011591291712,0.01313799950588,0.00019497712086000003,0.0099,0.0005,48.218820574464,45.784563653556006,38.099998474121094,23.899999618530273,2.225266238798988,9.208182521024646,9.4732477710419,0.8079328536987305
190913046,0.015296477246959999,0.00012867220981,0.015934538516750002,0.00021990129939999998,0.0131,0.0006000000238418579,46.322773252812006,45.270662438448,25.0,20.799999237060547,-3.704502691431432,12.984597555831137,13.502705233305786,0.6775031089782715
190913046,0.011883626403010002,0.00013053941855,0.013252742263879999,0.00021832347663999996,0.0118,0.0008999999761581422,49.110082507548,45.749726202816,32.09999847412109,31.60000038146973,-1.3791833061113064,11.282457285381913,11.366441050695245,0.7502580881118774
190913046,0.05126480160714,0.0003052976749,0.05145107926021,0.0005281852816,0.0429,0.0012999999523162842,45.499142440044004,44.92762167618,16.100000381469727,15.5,-7.998025300808427,-12.640897405332304,14.958623185943004,0.6824148893356323
190913046,0.011411896500889999,0.00026870344683999997,0.012027475474880001,0.00045741621907000003,0.0089,0.0005,46.613630299644,46.377298017432004,41.599998474121094,29.10000038146973,-8.61900540246096,-27.811918624436835,29.11680701888905,0.1844722479581833
190913046,0.01040277067325,0.00011425103780999999,0.01060146154317,0.00019666742956000002,0.008,0.0005,46.00221331197601,44.854110144576,28.79999923706055,26.20000076293945,-8.723144216613871,0.3302454046174298,8.729393267406516,0.8520728945732117
190913046,0.02262355671464,0.00020367196213,0.022256852867589997,0.00035470895730000003,0.0191,0.000699999988079071,44.966657888423995,44.179614659015996,19.200000762939453,19.100000381469727,-17.85582623160559,6.2007332834876605,18.90183265992373,0.4816780388355255
190913046,0.02796478128178,0.00023914092234,0.029775285636259998,0.00040598872666000005,0.026000000000000002,0.0011000000238418578,47.883597481656,44.71589004793199,17.399999618530273,16.5,-18.023588158671345,15.471224145188868,23.75302746040587,0.3153790533542633
190913046,0.006685091891279999,0.00024554797822,0.00635394047269,0.00043278523497000004,0.005,0.0004000000059604645,44.892827770788,43.222518419795996,36.70000076293945,34.09999847412109,-19.792149250327018,-17.559689872391488,26.45880710684976,0.2413824945688248
190913046,0.02334177637628,0.00048063454551999996,0.02871776086541,0.0007842158744099999,0.0272,0.0012000000476837158,56.303457741108005,43.818792427692,25.5,16.600000381469727,-24.60778483068876,21.644044589801478,32.77193523843327,0.10485244542360306
190913046,0.008876162920649999,0.0002670144695,0.00736214101665,0.00049400606144,0.006999999999999999,0.0005,42.93091887048,39.465318777515996,47.29999923706055,28.60000038146973,-26.395940386164234,-18.701966640549788,32.349688584651545,0.10318361222743988
190913046,0.00751550533712,0.00034031912304000007,0.0071402147262299995,0.00060064302843,0.008199999999999999,0.0005,45.74067699528001,42.177062519676,29.70000076293945,25.899999618530273,-30.159733384460765,-5.944886575252513,30.74004371320526,0.14538368582725525
190913046,0.04325625936982,0.0008950298016900001,0.045296287715830004,0.00152986407831,0.0388,0.0015,48.491659388232,43.696518630732,17.299999237060547,15.199999809265135,-33.28918575705224,1.9012439607336435,33.34343269643983,0.10400019586086273
200103041,0.00669986768518,0.00015946242800999997,0.00671108388022,0.00027611888141000006,0.0053,0.0004000000059604645,46.12369431294,44.011879792596,37.20000076293945,34.09999847412109,20.03019035774745,-2.403211974823789,20.173841681924348,0.4332389533519745
200103041,0.02334594996948,0.00013717272647999998,0.023615184960669996,0.00023670900031,0.019600000000000003,0.000699999988079071,46.071531036756,44.683289956584,20.399999618530273,18.0,10.81957954633365,-15.534728412467365,18.931198894656355,0.5513374209403992
200103041,0.033210282621630005,0.00020902312604,0.03445243141399,0.00035782720181,0.0301,0.001,47.041503713028,44.393172114852,21.700000762939453,16.399999618530273,4.9465632689834385,18.65409396799345,19.298794516449625,0.4592381119728088
200103041,0.008242671097189999,0.00020408216687,0.007783400645119999,0.00036057159961000007,0.008,0.0005,44.950006370699995,42.304359810888,29.399999618530273,27.0,5.45146249549471,17.4552856128862,18.286748857371293,0.4931097030639648
200103041,0.00680571175311,7.693376116e-05,0.006687219696580001,0.00013404296874,0.004900000000000001,0.0005,44.944542895355994,44.305058185308,45.70000076293945,36.099998474121094,-0.25008045038134696,-2.393199545451811,2.406230306082749,0.9980060458183287
200103041,0.00582753222925,8.188957206e-05,0.006051858665790001,0.00014010789093000001,0.0053,0.0004000000059604645,46.7246754927,44.93443719672001,37.400001525878906,34.200000762939446,-2.5638191205453684,5.071886902903459,5.683062595953504,0.914705455303192
200103041,0.02300680398908,0.00014767341055,0.02321661784574,0.00025501320472,0.0176,0.000699999988079071,45.774878909256,44.912975296536,22.70000076293945,20.299999237060547,-4.557873954716241,-18.80886954314926,19.35323180212081,0.5252724885940552
200103041,0.010931066144879998,0.00014783666394999997,0.011276990994740001,0.00025343202083,0.0086,0.0005,46.02986270352,45.56198892225601,45.5,33.0,-7.239856400943266,-12.047641543013453,14.055638472591069,0.7160567641258241
200103041,0.020093636434819998,0.00014520597313999998,0.021289012856930002,0.00024678319583,0.0154,0.0006000000238418579,47.116618564212,45.770320495908,28.20000076293945,21.399999618530273,-9.357223998029221,-15.93532991336136,18.479495482313357,0.5414425134658813
200103041,0.03432056294308,0.00010111534855,0.03491391728733,0.00017415482412,0.0303,0.001,45.892130761476004,44.982821742768,19.899999618530273,16.0,-10.097404158846262,-6.536769103969187,12.02858255102756,0.7666919231414795
200103041,0.00568186318756,0.00010089661467,0.006757842363840001,0.00016580811388999998,0.005,0.0004000000059604645,53.295831642707995,45.0949146066,38.79999923706055,35.0,-10.737155682896454,6.668865809724072,12.639625735428776,0.7097995281219482
200103041,0.00788089555924,0.00014023042551,0.009727392351899998,0.00022813464893,0.0089,0.001,54.97716160324799,45.240897924504004,43.79999923706055,40.599998474121094,-11.81095380059091,15.422093231451607,19.42520665289116,0.4628237783908844
200103041,0.03217883510411,0.00025919415554,0.03290372584529,0.00044573000630000005,0.0273,0.0008999999761581422,46.717721346384,44.633084628492,22.200000762939453,19.299999237060547,-13.561401756573238,-21.682053787167376,25.57382715632372,0.2753267586231232
200103041,0.01432037935786,0.00010637847562999999,0.01429003709125,0.00018438836002,0.012,0.0005,45.18453338874001,44.689434263856,23.20000076293945,21.799999237060547,-14.319764256117914,2.2805520579652807,14.500225376163723,0.6503139734268188
200103041,0.08669466597619001,0.00018699401929,0.08744444218903,0.00032295983806000003,0.07970000000000001,0.002400000095367432,45.53742766489199,44.97670531141201,16.5,16.200000762939453,-18.8959350408039,-8.452899108889277,20.700414122177698,0.4299637079238892
200103041,0.04515650782509,0.00018877262190999998,0.0474139841091,0.00032177488377,0.0406,0.0012999999523162842,46.678758317459994,45.660228884496,21.700000762939453,16.700000762939453,-20.3458960429402,-7.449633553865717,21.66683820740767,0.3933483362197876
200103041,0.025236334710419996,0.00018920341737999998,0.026787711465459996,0.00032142036603,0.0245,0.0008000000119209289,47.302478144064,45.559912064904005,24.899999618530273,19.200000762939453,-21.093362613134985,-8.063193020688326,22.581944382984066,0.3621799051761627
200103041,0.020607401550099998,0.00039049888738,0.02132921935633,0.00066912432308,0.0155,0.0006000000238418579,47.531749013388,44.461020058848,27.70000076293945,20.100000381469727,-18.56746757722213,-25.4027016808466,31.464930162584253,0.11593809723854065
200103041,0.02115725432325,0.00024598293381,0.02058588499416,0.00043007164175,0.0182,0.000699999988079071,45.278058485699994,43.297497282564,18.899999618530273,18.399999618530273,-25.82798528341187,15.87817541651788,30.318254149550533,0.14741969108581546
200103041,0.008627413413,0.00025093534637,0.00909976459261,0.00042707435489999996,0.0079,0.0005,46.553319011591995,45.643453082316,29.5,27.0,-24.91552662866808,16.44512001358818,29.853319817840553,0.1574149876832962
191009039,0.00927978343865,0.00018555399704,0.00947612752227,0.00031917882833,0.0085,0.0005,45.903995043084,45.219799912968,33.59999847412109,26.399999618530273,18.47581539140494,-9.054228861184482,20.575082632832263,0.4499147832393646
191009039,0.013321707270270001,0.00024193848063999997,0.013702021698990001,0.00041534130468000004,0.013000000000000001,0.0006000000238418579,47.15934541308,44.518884877944004,29.29999923706055,21.100000381469727,18.147828810045322,-18.893413338472925,26.197355633462927,0.2708223462104797
191009039,0.00898348204964,0.00021173647644999997,0.00885039410815,0.00036861219197999997,0.006999999999999999,0.0005,45.269497445363996,44.444342850012,31.29999923706055,28.79999923706055,13.054625439308346,-20.149232335816468,24.008599658037195,0.35752689838409424
191009039,0.022659317509909998,9.257444923000001e-05,0.02263870300494,0.00016039773049,0.0222,0.0008000000119209289,45.31934076588,44.72814197376,17.700000762939453,17.200000762939453,7.0058250221885086,-4.593250094838434,8.377320661647643,0.8997394442558289
191009039,0.00507049878231,8.980809152e-05,0.0052782218049499995,0.00015355386746,0.006,0.0004000000059604645,47.022337393163994,44.973204869807994,32.200000762939446,30.899999618530273,-3.200175568640541,-7.704290360008823,8.342493420805178,0.9064121246337892
191009039,0.00643710679217,0.0001936850156,0.00680014907475,0.00032954714502999997,0.0072,0.0005,47.359135551528006,45.58902613934399,39.79999923706055,28.29999923706055,-3.433631190036027,-21.98112860201625,22.247689252950305,0.4175445139408112
191009039,0.13527997488776,0.00014174368515,0.13621019731122,0.00024495019832,0.1512,0.004599999904632568,45.342310759128,44.907235125228006,16.299999237060547,14.199999809265135,-5.2704330963443295,3.225973466631725,6.179349616013874,0.9085732698440552
191009039,0.04339511787638999,9.661184105e-05,0.04456027439202,0.00016588832968000004,0.041100000000000005,0.0012999999523162842,45.861308991,45.057467106252005,17.899999618530273,16.200000762939453,-9.102640242154914,15.123275700765696,17.651373679871707,0.5290737152099609
191009039,0.012949679230229999,0.00012979255389,0.01269546482846,0.00022633134830000003,0.0119,0.0005,45.024547833,43.96217490316801,32.299999237060554,22.0,-12.59335867591161,7.179344914331466,14.49604930934338,0.6438294053077698
191009039,0.00890387449524,0.0001718848313,0.00882821374144,0.00029861406301999997,0.0067,0.0005,45.557761403736,44.367783809364006,32.400001525878906,30.29999923706055,-14.791860285629046,-15.943683842359256,21.748531362366137,0.4036239981651306
191009039,0.0122141019127,0.00016532199591000001,0.01284368393974,0.00028174499831,0.0115,0.0005,47.356149829104005,45.021445569144,22.5,22.100000381469727,-19.87259618207828,-2.8768445218803014,20.07974654299811,0.44691920280456543
191009039,0.3803102941958,0.00055168475759,0.39212647682805,0.00094599273943,0.3733,0.011199999809265136,45.791592426,45.201362588171996,17.5,15.600000381469727,-20.253578324633835,21.076727778467287,29.230647427624646,0.17430049180984494
190921042,0.01867726959813,0.00018612749504,0.01901015643349,0.00032052811324999997,0.0192,0.000699999988079071,46.237738478543996,44.778401837316,25.399999618530273,17.899999618530273,18.054273000828964,-12.878661754821474,22.17690639630743,0.40401721000671387
190921042,0.009297583238239999,0.00018590687612,0.00944514230505,0.00032055232862,0.0081,0.0005,47.115371885688,43.870817500128005,32.900001525878906,26.20000076293945,17.188433685404483,-13.547352788142595,21.885417308110924,0.4188929796218872
190921042,0.054148816386010004,0.00012311714063,0.055527672791760005,0.00021149111939,0.0488,0.0015,46.016152264872,45.021712110444,18.0,14.800000190734865,16.430168258556858,6.7846294963059455,17.775862171010363,0.490667074918747
190921042,0.01446270563805,0.0001569895935,0.014643338717749999,0.00027081359272,0.0109,0.0005,45.967526103240004,44.759389560696,24.29999923706055,22.5,16.487875244296927,-9.943161763995807,19.2539797928842,0.5098206996917725
190921042,0.00599285683786,0.0001187782709,0.0060197542152099996,0.0002054722604,0.004,0.0004000000059604645,45.935704237536,44.358570084348,43.20000076293945,39.5,13.539055218465426,-4.949234302296149,14.41529776812769,0.6845929622650146
190921042,0.0195491724087,9.125255895e-05,0.021855039346630002,0.00015243826745,0.0191,0.001,48.618504933732005,46.564145068032,23.20000076293945,18.399999618530273,8.96141718270205,-0.01413874723616016,8.961428336272402,0.8530302643775941
190921042,0.014411129393750001,8.960195864e-05,0.014828837495899999,0.00015374127644999998,0.0126,0.0005,46.126318377168005,45.162171775404005,24.29999923706055,21.100000381469727,8.242525866940577,0.7487239317674315,8.276461751192931,0.8690812587738037
190921042,0.00957024339861,0.00047656440186,0.01135883617648,0.00078180005921,0.006999999999999999,0.0005,51.442394887332,47.260755909396,40.20000076293945,28.5,7.482169237047841,-32.48824125565032,33.33867138533902,0.1004677787423134
190921042,0.12066695855679,0.00053636392247,0.12605500130435002,0.00091573502598,0.0795,0.002900000095367432,46.515947341823995,45.968031314352,15.399999618530273,16.5,5.929876650161259,-30.40401246606952,30.97687031154075,0.15134842693805695
190921042,0.00808467779921,0.00017363146689,0.00976199765019,0.00028388790707,0.0073,0.0005,53.672374544256,45.89546283144,46.0,28.10000038146973,1.7616972250891345,-21.036877381196405,21.11051274423732,0.4715426862239838
190921042,0.01760950233383,0.00025061221232,0.01890523096164,0.00042437896462999995,0.0145,0.0006000000238418579,48.804387505200005,45.038407848876,25.29999923706055,19.899999618530273,-2.3242051364547214,-31.1771954448573,31.263705750001826,0.14075827598571775
190921042,0.050120479722489994,7.946463575e-05,0.052654449273570006,0.00013544369921000002,0.0494,0.0015,47.009630136636,45.174230779968006,18.100000381469727,15.699999809265135,-3.835501330661825,5.079544879772659,6.364969437255447,0.9002295136451721
190921042,0.00993397066849,0.00025289872234,0.00904432692686,0.00045217859146,0.0102,0.0005,43.117449707016,42.27828228324,28.79999923706055,23.20000076293945,-3.3931595687984304,32.79106459847876,32.96615082441076,0.1350594311952591
190921042,0.00857513057437,7.638255256000001e-05,0.00879464064803,0.00013119511239,0.0074,0.0005,45.773131879764,45.330869715732,35.599998474121094,27.399999618530273,-3.825586285945114,2.6319967490820804,4.643545462127912,0.9414579272270204
190921042,0.00904199190283,0.00022055474222999999,0.009456185272840001,0.00037650419398000003,0.0085,0.0005,47.46783435930001,45.029289610476,34.700000762939446,25.70000076293945,-4.40716441140242,-26.304722507484325,26.671354395222025,0.26207321882247925
190921042,0.03832171396439,0.00014295325901,0.03918428448878,0.00024578122784999997,0.0309,0.001,45.651431736864005,45.05337103356,20.799999237060547,17.100000381469727,-5.036159576758422,19.347566327849574,19.99227246487324,0.4503727853298187
190921042,0.0066179242433100005,0.00020108206568,0.00712183323477,0.0003403351516,0.0068,0.0005,49.08249622188,44.76343816242001,43.70000076293945,30.60000038146973,-5.0191905127557925,-23.28338906900729,23.818230302374054,0.3566376268863678
190921042,0.00817489428975,8.747583973999999e-05,0.008399954721079999,0.00015017015307,0.0074,0.0005,46.073551495715996,45.022998606731996,28.0,27.10000038146973,-5.565234965839034,8.831112109157132,10.438405681949844,0.7834042906761169
190921042,0.0025852469991,0.00025089893468,0.00258683688559,0.00043896957585000005,0.0033,0.0004000000059604645,50.42607997273201,39.742519801752,46.9000015258789,43.900001525878906,-6.444325240546299,31.86413345688808,32.509246983909215,0.14181926846504211
190921042,0.00562598806754,8.428822512999999e-05,0.00581318024943,0.00014441707024000002,0.0052,0.0004000000059604645,45.963278479584005,45.56809303560001,38.400001525878906,34.299999237060554,-11.333250929030086,-2.8120336951087435,11.676903762370248,0.7662121057510376
190921042,0.00816390278108,0.00013780995236000002,0.0080580535709,0.00023981365344,0.0066,0.0005,45.953817446268005,43.715931597036,44.20000076293945,32.299999237060554,-11.75964911439747,-14.463493099978175,18.640846654335856,0.5257919430732727
190921042,0.007613500103569999,0.00010095960470999999,0.00787537299018,0.00017292797165,0.008199999999999999,0.0005,46.058892199236,45.411516379764,43.099998474121094,34.59999847412109,-13.563818859210976,4.2020519888487184,14.19980039777267,0.6575345396995544
190921042,0.09036495505815,0.00014851655741999998,0.09334305262339,0.00025451008628,0.07440000000000001,0.002299999952316284,46.429638139944004,45.158211970884,18.299999237060547,17.700000762939453,-14.749172992702851,-6.705782697070688,16.202016838651897,0.6022423505783081
190921042,0.015136036373920001,0.00018204419418,0.015554548682030002,0.00031248184513999995,0.013800000000000002,0.0006000000238418579,45.809093549808,45.24359614704,24.399999618530273,23.0,-21.529138008254108,11.807824020774108,24.554565130354238,0.2912391126155853
200111041,0.03940428016583,0.00041636720779,0.03907847361405,0.00072317149545,0.035,0.0011000000238418578,45.276437478348,44.695575436320006,17.100000381469727,15.399999618530273,21.70645851772932,-21.676965704276615,30.676618765351037,0.1426151692867279
200111041,0.01444789506938,0.00021246361853999998,0.01457373502299,0.00036694087445,0.012,0.0005,45.617610659111996,44.944807972536005,28.29999923706055,21.600000381469727,19.7768417458602,-10.594684211689056,22.43589901690799,0.3832688629627228
200111041,0.04335123514933,0.00028643220763999996,0.04266257188539,0.00049884164081,0.0443,0.001399999976158142,45.222142330656006,43.8145755633,17.899999618530273,16.299999237060547,18.571948299344548,16.711099253080015,24.98350225810967,0.2271773666143417
200111041,0.014097785517799999,0.00028253939237,0.01297527712473,0.00050338946449,0.0114,0.0005,43.89169107686401,42.073271663796,34.200000762939446,26.899999618530273,15.448731870416019,26.691973482931253,30.84023295639159,0.11484137177467345
200111041,0.02968634159403,0.00018110593737,0.03065993627058,0.00031042525248000004,0.0154,0.0006000000238418579,46.73125192870801,44.946037776527994,25.60000038146973,19.299999237060547,15.824278424939944,-12.126259414136555,19.936221218785906,0.4928921163082123
200111041,0.027565530763869996,0.0001828947129,0.027756299778769998,0.00031605938556999996,0.0244,0.0011000000238418578,45.281325158316,44.805033821088,20.100000381469727,16.899999618530273,11.8838740191744,14.47588664903548,18.729039517930804,0.453078955411911
200111041,0.0078823238992,0.00017602467011,0.0079641305828,0.00030390225605,0.0067,0.0005,46.034625367656005,44.727536909736,48.20000076293945,29.20000076293945,10.289936615880638,-18.03659482611963,20.765369655446662,0.4828353524208069
200111041,0.21595714847956,0.00087898722269,0.2183943953407,0.0015169343261300001,0.1852,0.005599999904632568,45.561712167791995,44.468216755344,15.899999618530273,15.800000190734865,6.133058696283245,31.14171544265577,31.739877453833195,0.1365807056427002
200111041,0.039762885549919996,9.872923290999998e-05,0.03983658458058,0.00017090181276,0.035,0.0011000000238418578,45.2917871901,44.751174452712,19.200000762939453,16.299999237060547,3.6254680232813694,2.680007811407393,4.508487284474677,0.9452356100082396
200111041,0.01728196374513,0.00024704116505,0.017681578154689997,0.00042466009357000005,0.0153,0.0006000000238418579,45.97693259778,45.534503503584006,21.0,19.399999618530273,2.55216509479624,-29.465441671744877,29.575761022774078,0.18625444173812866
200111041,0.01961717137445,0.00011682468359999999,0.01963634285232,0.00020228389657,0.016300000000000002,0.0006000000238418579,45.112340479824006,44.710798637484,21.799999237060547,19.0,0.8426401774646971,14.224922110717394,14.249857805333324,0.6485852003097534
200111041,0.03734979550006,0.00024447139616,0.0376178537491,0.00042246149349,0.0329,0.0011000000238418578,45.460619086896,44.453216597508,21.200000762939453,18.700000762939453,-4.208894238212803,26.680821670903807,27.01075119386147,0.24756288528442386
200111041,0.00517000627848,9.241869737999999e-05,0.005180236558310001,0.00015997279794999997,0.004,0.0004000000059604645,45.306320920092,44.736617073492,45.5,39.29999923706055,-8.083746622234772,3.0702964239342743,8.647176545477425,0.8456992506980896
200111041,0.017854800333839998,0.00011901763073999999,0.01807307904894,0.00020532171118000002,0.0157,0.0006000000238418579,45.563415467976,45.01485898038,24.10000038146973,19.5,-14.473924289374715,-1.7405676052765349,14.57820434833224,0.6533161997795105
200111041,0.11223747294478,0.00026555249380000003,0.11211986374499,0.00046014410295999996,0.1138,0.003400000095367432,45.55788645078,44.654881015079994,16.0,14.100000381469727,-14.588842682473462,-16.067171311966582,21.702229725632645,0.40549859404563904
200111041,0.08206844791934,0.00026652509083000003,0.08318665290777001,0.00045957623887,0.07479999999999999,0.002299999952316284,45.597140305488004,45.260534143908004,18.0,15.0,-16.62457834867329,-15.403685523340972,22.663809991967806,0.3657107353210449
200111041,0.0046314302582,0.00021962988581000002,0.00437332034522,0.00038782890050000003,0.0031,0.0004000000059604645,43.935963573996,43.72307150202,49.599998474121094,46.79999923706055,-20.16728286213144,-13.099196276305985,24.047999349473905,0.3148505985736847
200111041,0.01625537613707,0.00024522556134999997,0.016370172986969998,0.00042393141063,0.0149,0.0006000000238418579,46.350359185896,43.886983560912,23.899999618530273,19.899999618530273,-28.20027230943239,7.451607332001281,29.16814297600018,0.17619729042053225
200111041,0.006556857457080001,0.00026966214969999995,0.00701903794841,0.00045690339838,0.005900000000000001,0.0005,47.987412529787996,45.283455757836,47.099998474121094,32.0,-28.238203139743515,-6.760921571014947,29.03627298724311,0.17960385978221893
200111041,0.00637408135925,0.00026425059453,0.00626795792848,0.00046044149357,0.0063,0.0005,45.710124097824,43.687270676916,47.599998474121094,31.20000076293945,-29.320682870586523,-7.859957462876048,30.355887028406762,0.1514381319284439
200111041,0.02011713425541,0.00025422856056,0.01990684465344,0.00044195105952999996,0.0156,0.0006000000238418579,45.300626416944,44.279328971628,29.29999923706055,24.70000076293945,-28.756978340288462,-2.7514030199257045,28.888299452676748,0.1846131831407547
200111041,0.01170891116161,0.00026940270293999996,0.01300080065405,0.00045131080807,0.0113,0.0005,49.55239167782401,45.309420502992,28.60000038146973,22.399999618530273,-30.030856520090047,4.261558681599197,30.331712179922217,0.15395282208919525
200111041,0.00808928430178,0.00025923365375999996,0.007726763887029999,0.00045756572386,0.0102,0.0005,47.383616030112,40.757416393644,28.10000038146973,25.399999618530273,-31.61223677968341,4.628376408980318,31.94925317729167,0.12445143610239028
200604041,0.00709331091684,0.00021891438153,0.007649618929260001,0.00036995059264,0.0043,0.0004000000059604645,47.817283237847995,45.811804137192,47.79999923706055,37.900001525878906,21.222843777066835,-7.297958973367659,22.442562833749644,0.3682276904582977
200604041,0.00468545817539,0.0003095465738,0.00440997387384,0.00054750187958,0.0045,0.0004000000059604645,45.154962770544,42.703449492636,42.79999923706055,36.900001525878906,16.16182549823541,-27.515907614681886,31.911192350811067,0.12216579169034958
200604041,0.012034381395660002,0.00020925540242999998,0.01263530885274,0.00035668110613999997,0.01,0.0005,46.343339854164,45.60906039264,28.20000076293945,23.60000038146973,15.492584008881852,14.201222404899369,21.01650569804082,0.36092808842659
200604041,0.18288087661029997,0.00015559760159,0.1880882212878,0.0002670100084,0.1514,0.004599999904632568,45.961511090076,45.421597334664,17.799999237060547,16.399999618530273,14.441872256282384,-5.663706369918363,15.512738488348086,0.6448549628257751
200604041,0.00744484772438,0.00017617343083,0.01025205891024,0.0002790276459,0.0088,0.001,62.079305007996005,44.670335560884,44.70000076293945,28.10000038146973,11.389680314491926,13.492055199809913,17.656718413244484,0.4956535696983338
200604041,0.0115756478721,0.00016402907344999999,0.01291285980921,0.00027441909313,0.0104,0.0005,49.9958961291,45.503872466076004,35.900001525878906,28.29999923706055,6.2426448871183755,-16.95129828910699,18.06424128014318,0.5945861339569092
200604041,0.020146057064950002,0.00012504147352,0.023488194541490003,0.00020649295986,0.0203,0.001,51.716922138107996,45.446355252576005,21.200000762939453,24.5,5.6408818219006704,10.866141253147152,12.243057930667137,0.7107218503952026
200604041,0.029894753095630004,0.00012085883799,0.030320978676189998,0.00020835952889,0.0259,0.0008999999761581422,45.674697303324,45.1004179428,20.799999237060547,19.5,5.369867289685515,-7.079601946649192,8.885730001970147,0.9015704989433287
200604041,0.00915269152455,0.000230830999,0.01356576691196,0.00035699383422999997,0.0114,0.0011000000238418578,64.538187964776,46.959235410384,46.79999923706055,39.0,4.439953421831993,-23.1250805028172,23.547446513543647,0.38077861070632935
200604041,0.00875241374905,0.00011978067665000001,0.009075449584120002,0.00020500539400000002,0.008,0.0005,46.276882460676,45.232919552916,42.29999923706055,26.79999923706055,2.7564876805162744,7.481336621733647,7.972992536400298,0.853215754032135
200604041,0.01032792635369,8.680905187e-05,0.010656053400120002,0.00014880683077000002,0.0085,0.0005,45.806299694352,45.662524885548,27.29999923706055,25.5,1.6298320305789218,-2.6353958265375064,3.0986550453491204,0.9941079020500184
200604041,0.017762168303220003,8.677244004e-05,0.01783685402091,0.00015008838952,0.0171,0.0006000000238418579,45.410022271656,44.910954845964,20.200000762939453,18.600000381469727,0.8495033845147836,-6.931344162251094,6.983207494981879,0.9481235146522522
200604041,0.039007723461199996,0.00011047757364000001,0.03957581390105,0.00019044702930999998,0.0359,0.0011000000238418578,45.762489793692005,44.872842479616004,19.600000381469727,16.0,0.6259754210738231,1.16887653132252,1.3259402543723615,0.9869537353515624
200604041,0.005187625270979999,0.00011288333339000001,0.00530350317764,0.00019413715126999999,0.0047,0.0004000000059604645,46.316454427296,44.589052367316,47.4000015258789,36.0,-1.8791501653314744,5.860121729945741,6.154041648650508,0.902334690093994
200604041,0.00995052976164,0.00010178884334999999,0.01043541623772,0.00017364926354,0.0112,0.0008999999761581422,47.530431591695994,44.70602549904,33.09999847412109,27.20000076293945,-6.379650236034102,-1.3667013735191835,6.5244009406451795,0.9177701473236084
200604041,0.03437973231938,0.00013424543981999999,0.03489132158975,0.00023140540897,0.0333,0.0011000000238418578,45.94078263963601,44.5539312333,19.100000381469727,16.600000381469727,-8.493505186863056,9.7540069671929,12.933680400043285,0.6987326145172119
200604041,0.026713196716630003,0.00033832170657000003,0.027569030722669995,0.00057996633873,0.0337,0.0011000000238418578,46.356809205923994,44.477927481563995,20.5,15.5,-8.989358697655081,32.789371595726784,33.999250122943046,0.11843883246183395
200604041,0.0096386526786,0.00011081198462,0.00956861849947,0.00019240778534999997,0.0092,0.0005,45.316207865556,44.462607201504,34.200000762939446,24.60000038146973,-9.362002405351014,-5.450107589995446,10.832852272111387,0.8053889870643616
200604041,0.006608386468819999,0.00016394881421999999,0.007166248584770001,0.00027672513,0.0061,0.0004000000059604645,48.6300495303,44.9629974162,31.5,30.399999618530273,-13.331145358542715,10.383940453616894,16.89808022885116,0.553889274597168
200604041,0.00480547576867,0.00021239382375999998,0.00467830389819,0.00037174815394,0.0056,0.0004000000059604645,46.172522764656,42.366871764468,40.0,32.5,-13.425912556245985,18.81121709910599,23.11093285924017,0.34174609184265137
200604041,0.00345091301623,0.00014123000929,0.00348359923481,0.00024388542451,0.0039,0.0004000000059604645,46.074249983448,44.491769052912,44.099998474121094,40.29999923706055,-14.051275434440837,-6.6986229171241005,15.566298225296366,0.6289292573928833
200604041,0.00642820375488,0.00026086560509,0.00634017169607,0.00045410036014,0.0066,0.0004000000059604645,45.74632776552,43.848863609616004,30.5,29.10000038146973,-22.39318449927742,-10.22694237765716,24.617952455802012,0.2966648042201996
200604041,0.01259082241164,0.00027488344731999996,0.012050738317479999,0.00048333266349,0.0137,0.0006000000238418579,45.177275617308005,42.873264763488,25.0,20.299999237060547,-28.22533256592031,1.6888284146479418,28.27581078911907,0.19841796159744265
200227076,0.05025642011213,0.0006089073389,0.059408728690069995,0.00100125016072,0.0464,0.0017999999523162845,52.509698248644,45.534913880796005,25.29999923706055,19.700000762939453,25.523173944251226,2.3487738982331923,25.631017257405315,0.22376108169555664
200227076,0.00909929100363,0.0001784467165,0.009245722831989999,0.00030747550886,0.0075,0.0005,46.101739942368,44.589966222959994,41.29999923706055,27.29999923706055,17.43315892442915,1.8961821922881852,17.535977479739955,0.5181438922882079
200227076,0.013309720541399998,0.00027144660202999997,0.01287596181372,0.00047630022489999997,0.013000000000000001,0.0006000000238418579,47.230688689524,42.069642911604,28.60000038146973,20.799999237060547,17.336047102465383,-27.822619111841842,32.781551236614554,0.1032198891043663
200227076,0.01317556032077,0.00024850797238,0.013408023951590001,0.00042811147847,0.0119,0.0005,47.156155603992005,44.2109075328,30.399999618530273,21.700000762939453,15.843621337347093,-22.946720322011128,27.88491675721128,0.2259412556886673
200227076,0.0081486978889,0.00016654505134,0.008999832388879999,0.00027927551010000005,0.008400000000000001,0.0005,48.233519125488,46.59041313316801,43.099998474121094,32.59999847412109,14.682015918072365,-9.391246447291334,17.428613399355026,0.5858957767486572
200227076,0.011155115819639998,0.00016560053636,0.01177103784002,0.00028186019131,0.0073,0.0005,47.497708964771995,45.27677709867601,35.5,30.0,13.202890668968676,-12.638280126578845,18.276806648212933,0.5664466023445129
200227076,0.012210059528,0.00020559437995,0.01252130868762,0.00035323999070999997,0.0106,0.0005,46.267721642195994,44.548559281871995,25.0,22.5,12.705700063559533,15.04862005209035,19.695043752828408,0.4155152142047882
200227076,0.00983284676885,0.00010054257215000001,0.010557669419860001,0.00017012429947999998,0.0089,0.0005,47.28535476883199,46.09701480816,39.5,28.899999618530273,8.680596072857908,-4.9593456609565685,9.997389923963684,0.8514257669448853
200227076,0.00918157861876,0.00014492353027999999,0.008821678239139999,0.00025441806095,0.0083,0.0005,44.124697643328,43.748834634035994,27.20000076293945,25.399999618530273,6.188134309211445,15.73458511695447,16.90768782629157,0.5380244255065918
200227076,0.006628677904,0.00011924427549,0.006676042773890001,0.00020606604558000004,0.0063,0.0005,45.510852720132,44.530955692452004,42.29999923706055,30.60000038146973,5.057167870611427,12.669521695373534,13.641539908392778,0.6618431210517883
200227076,0.01124360440092,0.00021335154526,0.01167673169201,0.0003650920698,0.0102,0.0005,47.20887713433601,45.193139297712,33.799999237060554,23.29999923706055,3.4053126321675324,-28.276304323625727,28.48061233212386,0.21745645999908447
200227076,0.013040608571610001,9.325131604e-05,0.01362499917765,0.00015922994622,0.0119,0.0005,47.071499466672,45.145558199591996,24.10000038146973,21.399999618530273,0.9113011059272716,-8.716261261835209,8.763770781499382,0.9091469645500184
200227076,0.00960503571491,0.00011953799171999999,0.0107553254784,0.00019978684262999998,0.0091,0.0005,49.67168576454001,45.342746946648,31.899999618530273,24.60000038146973,-5.846771855587604,13.553821730719367,14.761119453190771,0.632439911365509
200227076,0.007902524143930001,0.00011636959857,0.00782355455839,0.00020226243588999997,0.0071,0.0005,45.352116509111994,43.944907063176004,38.70000076293945,28.20000076293945,-6.529337759483532,11.814575861911369,13.498751295219856,0.6793038845062256
200227076,0.07124296076789999,0.00023805176600999998,0.07620721939837,0.00040342874691000005,0.0688,0.0025,47.346488218943996,45.26209195668,16.0,16.200000762939453,-6.651576024829258,21.601865381616967,22.602731455660066,0.3667442500591278
200227076,0.017180414197139997,0.00013671964602000002,0.0192250119841,0.00022869502078,0.0195,0.001,50.48040886217999,44.69230776384,21.799999237060547,19.600000381469727,-10.133790272026893,8.771813337649617,13.40291728082888,0.6804155707359314
200227076,0.03716367678399,0.00016051433352000003,0.037885896704099996,0.00027624742391,0.0351,0.0011000000238418578,45.477536466276,45.321299374392005,16.799999237060547,15.300000190734865,-10.89989507559344,3.185760436156497,11.355912477906204,0.7601444125175476
200227076,0.00675540212968,0.00018237608828,0.006843279698899999,0.00031461462475,0.0063,0.0004000000059604645,46.335182549364006,44.489207008655995,35.900001525878906,29.899999618530273,-15.999239224968612,-9.617084813091518,18.667171942332413,0.5124529004096985
200227076,0.02502798707612,0.00020836714479,0.02543668026283,0.0003589687027,0.0235,0.0008000000119209289,45.729223261632,44.96063113656,21.899999618530273,18.700000762939453,-16.647276986869375,2.012968530364144,16.768537256080545,0.5652189254760742
200227076,0.0051631698505,0.00026481444068,0.00501643922177,0.00046348947798,0.0093,0.0005,46.39404505485601,42.893464558607995,39.900001525878906,24.79999923706055,-18.077837713175388,-22.40818702594089,28.7911520033935,0.17837126553058624
200227076,0.10470035027817,0.0002992013194,0.12118638804455999,0.00049418445043,0.1241,0.004900000095367432,48.685929087744,48.14196018354,19.299999237060547,16.399999618530273,-19.6158292378847,0.14301754944782868,19.61635059044684,0.4609556198120117
200227076,0.00931942490345,0.00034380171799000005,0.00946318282437,0.0005926339212,0.0102,0.0005,46.106038589364005,44.532079513416,38.79999923706055,31.29999923706055,-19.37030986443786,3.0169083322421466,19.603840027063086,0.4592148363590241
200227076,0.01421678320266,0.00027559819086,0.015038601383569999,0.00046866227693,0.0135,0.0006000000238418579,47.041811249004,45.358982728632,21.5,20.200000762939453,-24.794062464627505,7.963053856794407,26.041402818319835,0.2511540651321411
200227076,0.0069289337945000005,0.00028544758152,0.0074263305404299994,0.00048585432143999997,0.0058,0.0004000000059604645,50.674758498612,42.546465530424,42.5,31.60000038146973,-25.904595188101464,13.336733209525196,29.136113982604126,0.1717793196439743
200227076,0.01151324707961,0.00029789946251,0.01144132879313,0.00051706181128,0.0108,0.0005,45.206753478803996,44.787501516348,28.79999923706055,24.60000038146973,-28.67280720977201,-11.827845863146095,31.016520872262344,0.13434478640556335
200316001,0.0074834354086800005,0.00016561848084999998,0.00783201662821,0.00028260110349000004,0.0073,0.0005,46.728766189692,45.291382313472006,35.79999923706055,27.0,17.712870763342877,3.3736194033092333,18.03127831964463,0.4923029243946075
200316001,0.01064153578885,0.00022527960502000002,0.010516432910760001,0.00039185808897,0.0103,0.0005,45.599218067628,43.566219749843995,33.400001525878906,22.899999618530273,17.291106656896204,17.84740657115276,24.849740533821958,0.2348232269287109
200316001,0.014830609350280001,0.00013653945492,0.01472000350419,0.00023708548011000004,0.0122,0.0005,45.046198547820005,44.616522263004,26.899999618530273,26.5,15.692483052911054,0.14888684503959598,15.693189335012608,0.6017826795578003
200316001,0.03541248504701,0.00046489079519,0.042896972117010004,0.0007591940891499999,0.0339,0.001399999976158142,54.026134734276,45.906216382223995,27.29999923706055,21.0,15.530509444766796,-26.13311381691372,30.399534787537704,0.15760838985443115
200316001,0.00623921069608,0.00018454489150000002,0.00696597253913,0.00030856900777999997,0.0051,0.0004000000059604645,49.0198677696,45.871227689436,44.70000076293945,33.59999847412109,14.757902841630546,13.163638215745314,19.775641655552057,0.4077752530574799
200316001,0.020686227294580004,0.00016155201489,0.02054599492262,0.00028045339891000004,0.0188,0.000699999988079071,44.778045012408,44.70183069552,21.100000381469727,17.799999237060547,13.372932362068651,11.62256095292943,17.71774708268743,0.4886828064918518
200316001,0.00907478191482,0.00010060632781,0.0099461954891,0.00016923441446,0.006999999999999999,0.0005,49.064395737059996,45.422601998832,43.70000076293945,28.10000038146973,7.8147982624375425,-9.850109698811174,12.57360592007223,0.7898353934288025
200316001,0.00433626005341,0.00013318613387,0.004228399386,0.00023265353219999998,0.0034,0.0004000000059604645,44.582041953324,44.007581985624,46.5,42.900001525878906,6.333630995497954,15.569656711084813,16.808593558279927,0.5414749979972839
200316001,0.01794332867336,7.719327436e-05,0.01821342198655,0.00013304374156,0.018000000000000002,0.000699999988079071,45.6031819314,45.044923557455995,23.60000038146973,21.799999237060547,-0.8614480777708954,1.5092323834313932,1.7377787920847332,0.9822843074798584
200316001,0.01441224082622,7.759338059999999e-05,0.01430245650131,0.00013475943188999998,0.0133,0.0006000000238418579,45.503676104148,44.270896796820004,29.29999923706055,22.899999618530273,-1.1450721303576896,-5.8576484347243465,5.968520260466927,0.9615309238433838
200316001,0.00400742954263,0.00019327309562000003,0.0040270426379699995,0.00033446213762,0.003,0.0004000000059604645,46.494485243568,43.338552757307994,49.4000015258789,46.20000076293945,-2.692289330162088,23.904579260013215,24.055710644459047,0.3237890303134918
200316001,0.00564449297386,0.00026933862635,0.00477249211906,0.0004946480086,0.0051,0.0004000000059604645,42.903564081156,40.390069211892,34.700000762939446,32.900001525878906,-11.076991259411798,-28.62150765883423,30.690187372643113,0.1419864296913147
200316001,0.06624379738273001,0.00059050900481,0.08280627399966001,0.00096165628815,0.1357,0.005199999809265137,58.036328840304,44.017644975048,24.70000076293945,19.100000381469727,-17.366856594294298,-21.810451098732774,27.88009035787785,0.20229429006576535
200316001,0.026338969356130004,0.00025321666477,0.026589144306650003,0.0004372838091,0.0233,0.0008000000119209289,46.078275765384,44.636918771556005,21.0,17.0,-18.225134944731792,-14.504815352511661,23.29255763353445,0.3420405685901642
200316001,0.0055670995353,0.00012175070075,0.00571307240371,0.00020908157885,0.0056,0.0005,45.830640464603995,45.285506782847996,48.70000076293945,34.799999237060554,-18.18218309664825,3.1472515909387786,18.45255761069698,0.5011976361274719
200316001,0.028334111847319998,0.00017965331931,0.03046729013144,0.00030400402249,0.0282,0.0008999999761581422,48.02964791356801,45.20646266832,22.899999618530273,20.0,-22.058838065515648,7.023544561266013,23.149985701316577,0.33598682284355164
200316001,0.01581188329165,0.00023930668971,0.01622302773107,0.00041105615162,0.013800000000000002,0.0006000000238418579,46.226921738544,44.886014334684,20.200000762939453,19.799999237060547,-31.03559362237761,3.4052063859244734,31.221838302742047,0.13780014216899872
200316001,0.01612961196276,0.00026489934635,0.01635702100615,0.00045749349538999997,0.013000000000000001,0.0006000000238418579,47.442552173964,43.347764430504,26.0,22.60000038146973,-32.69852293460137,-3.3665742280635444,32.871368732414425,0.11038380116224288
191103033,0.01627358319639,0.00023683085566,0.016775178753090002,0.00040622102344,0.0141,0.0006000000238418579,46.479745180836,44.655906834288,23.70000076293945,22.5,22.491399726116022,12.677723266344342,25.818315894444012,0.19666533172130585
191103033,0.005526879490479999,0.00020418076444999998,0.005445364504420001,0.0003554297702,0.004,0.0004000000059604645,45.325264552992,44.201203386228,40.599998474121094,38.29999923706055,21.803232556101566,-8.966895243325547,23.57509453007668,0.3322180509567261
191103033,0.03195494516138,0.00014785986083000002,0.03263817086721,0.00025434020025999997,0.027999999999999997,0.0008999999761581422,45.881024620536,44.897660104824,19.600000381469727,16.0,15.864637516240993,8.940234286532368,18.210270322514244,0.4696268737316132
191103033,0.029334413870509998,0.00028259299308,0.02973278495107,0.00048728554697,0.0187,0.000699999988079071,45.156310032708,44.815577395716,20.700000762939453,17.799999237060547,6.9575789511056945,31.501344169193334,32.26052129808991,0.12424515187740325
191103033,0.01520021198021,0.00028075044345,0.015046000433479999,0.0004882229855,0.01,0.0005,45.66272174578801,43.252166806416,31.79999923706055,24.10000038146973,7.1171068116206015,33.01381676433327,33.77223341090505,0.10315029323101044
191103033,0.00429192929346,0.00013856381850999998,0.00428074942031,0.00024036272964,0.0047,0.0004000000059604645,46.487005572996,43.7648729067,46.5,35.5,4.1834522240936085,-15.83261429163132,16.375983148496644,0.6621063947677612
191103033,0.008186603808659999,0.00013639334126,0.00842890187003,0.00023403757101999998,0.006900000000000001,0.0004000000059604645,47.048220437400005,44.682272965116006,30.5,28.0,1.960837630217903,-17.98605238325632,18.0926208566674,0.5931021571159363
191103033,0.00735485901573,8.087799779999999e-05,0.007644012663100001,0.00013847496548,0.0076,0.0005,47.940529230972004,43.906607103923996,40.20000076293945,26.899999618530273,0.8450352545577149,-0.3057556337674747,0.8986495908540302,0.996639847755432
191103033,0.024175996269099997,0.00016089074227999998,0.024889790984450003,0.00027602770407999996,0.0211,0.000699999988079071,46.310776353144,45.42615260668801,22.899999618530273,21.100000381469727,-1.5597618782784217,-19.675041182271194,19.73676964647005,0.521331250667572
191103033,0.01110537722298,0.00018454327638999998,0.01125843460369,0.00031835357758,0.0097,0.0005,46.793872090152,44.329063876344,33.59999847412109,24.20000076293945,-1.6976206813131318,-22.477411156637544,22.541426024409127,0.4115537405014038
191103033,0.00467227308876,9.058480243e-05,0.00506466886989,0.00015281598113,0.0041,0.0004000000059604645,47.785418246628,46.108495017576,43.79999923706055,38.099998474121094,-4.573691349788993,-8.18623752476724,9.377264944285274,0.8753486275672913
191103033,0.025674042834840004,0.00049879127428,0.032680145491019996,0.00080158769063,0.0201,0.001,54.198646729308,46.852661897352,27.20000076293945,27.10000038146973,-5.268778506897396,33.28974965037506,33.704103474639744,0.12374136596918105
191103033,0.02663485481702,0.00025696048612,0.02807077921262,0.00043743429714999997,0.0259,0.0011000000238418578,47.17432615190401,45.789894624096,19.200000762939453,16.600000381469727,-6.354388024886398,-26.25129635669156,27.009406190003165,0.24809090793132785
191103033,0.01757505150654,0.00018707155834000002,0.01849936203672,0.00031866561012,0.013800000000000002,0.0006000000238418579,46.724948033832,45.199493262468,31.60000038146973,21.100000381469727,-7.311735004193517,20.345822128691477,21.619743815879804,0.3966486155986786
191103033,0.00472167539503,7.930298171999999e-05,0.00464236212774,0.0001381766049,0.0039,0.0004000000059604645,45.621898579728004,43.648338443544,43.70000076293945,40.0,-7.34084677662895,-0.3623725158764554,7.349785373642982,0.8918480277061462
191103033,0.00485968346534,0.00015402497981,0.00495903336828,0.00026501853536000004,0.0045,0.0004000000059604645,46.235598723684,44.993313285552,39.70000076293945,36.099998474121094,-15.142817671353006,-14.503775533839054,20.968144201038186,0.4285324215888977
191103033,0.03142210874709,0.0006000700782400001,0.04066520920802,0.00096298858101,0.0384,0.0015,57.298535921484,45.860391859248,32.900001525878906,18.700000762939453,-31.91093043595966,-5.560956807740711,32.39183282410374,0.1170208305120468
190920041,0.00882514776473,0.0002329473097,0.00883385166443,0.00040349947831999996,0.0078,0.0005,45.847301582448,44.044294129488,37.599998474121094,33.59999847412109,22.931147746099402,8.463222602142672,24.443048325573955,0.24384239315986636
190920041,0.01457629251555,0.00019282895888999999,0.014921906948270001,0.00033148935538,0.0133,0.0006000000238418579,46.317714918515996,44.85507279606,21.0,20.200000762939453,19.467801835640078,-4.772900162401605,20.044341863836177,0.4492420554161072
190920041,0.01335813595777,0.0001990100706,0.01369699187651,0.00034190240149,0.0117,0.0005,46.302231940271994,45.038911889052,24.399999618530273,21.5,18.849321401401934,-9.388138990839334,21.057853351111874,0.4332031905651093
190920041,0.01604143729279,0.00024348356053,0.01661466923089,0.00041705245446,0.0149,0.0006000000238418579,46.673978981976006,44.52574939488,24.10000038146973,19.5,14.990437376341035,20.342433802151547,25.26905623322884,0.2327904999256134
190920041,0.00828901623199,0.00018793848594999998,0.01133838411692,0.00029614637017,0.0092,0.0008999999761581422,58.502969776152,47.724985135296,40.5,34.299999237060554,11.764072665075394,-17.221696237139675,20.856151832129136,0.4776700139045715
190920041,0.0071831875815100005,0.00013987707834000002,0.00741736613653,0.00023975843482,0.0063,0.0005,46.362420087047994,44.880582901032,46.599998474121094,30.0,11.43586925717948,10.863229524442058,15.773028436822035,0.5686438083648682
190920041,0.04785511504047,0.00042615509775,0.0478338068028,0.0007383500308,0.0405,0.0012999999523162842,45.835606801116,44.716424560524,17.799999237060547,16.200000762939453,10.9800886112162,-27.045874091032506,29.18970989666436,0.19563926756381989
190920041,0.008005652326819998,0.00021192908958,0.00925094989901,0.0003506829947799999,0.008400000000000001,0.0005,50.55582078842399,45.875583887148,39.70000076293945,25.70000076293945,10.596538398897891,19.734751231894336,22.39968300597927,0.3355598747730255
190920041,0.01904060449946,0.00013857099784,0.0190899834762,0.00023987766015,0.0195,0.000699999988079071,45.694200510972,44.097012291924,25.10000038146973,24.899999618530273,2.4655909440806854,16.649675875434006,16.831244693385326,0.5524141192436218
190920041,0.0048783108185600004,0.00026746218328,0.00509831288449,0.0004570368483,0.0044,0.0004000000059604645,47.89784106792,43.623739204163996,47.5,37.0,0.7633047868354347,28.28519279593486,28.295489968423933,0.2126588523387909
190920041,0.030034108908740004,0.00033260548178,0.03097280242152,0.0005702725238400001,0.0283,0.0008999999761581422,46.000139187600006,44.834906376252,16.100000381469727,15.899999618530273,-4.167963009839066,27.703273003588468,28.015047290968,0.22396160662174225
190920041,0.018892223873669997,0.00033073723049,0.01904905765448,0.00057139855902,0.0169,0.0006000000238418579,45.62967387434399,44.160475931784,19.899999618530273,18.5,-3.926667698931406,29.40647089228394,29.6674716396225,0.18952035903930664
190920041,0.04313950480032,0.00018887780312,0.04334321344225,0.00032665239082,0.0419,0.0012999999523162842,45.137549755403995,44.613603094464,19.299999237060547,15.800000190734865,-6.1789281509949845,22.775467128658747,23.59873931873652,0.3369799554347992
190920041,0.04743033700172001,0.00031068107171,0.04693878262096,0.0005402844190199999,0.0407,0.0012999999523162842,46.449730253196,43.667130228048,17.299999237060547,15.800000190734865,-10.95443032330775,-26.044859387383546,28.254768593952264,0.20378103852272034
190920041,0.08980752261476,0.00022543716685,0.08984223560217999,0.00039047223080000004,0.07940000000000001,0.002400000095367432,45.905950681415995,44.301823404516,17.600000381469727,15.800000190734865,-12.403929013311801,-8.52941697330154,15.053507669690688,0.6535369157791138
190920041,0.0172611702669,0.0001342112591,0.0178216902396,0.00023009147808000002,0.0151,0.0006000000238418579,46.999019264400005,44.560641925368,26.20000076293945,19.299999237060547,-13.527252231361434,-3.6958300888093865,14.023039701812456,0.6814508438110352
190920041,0.024673391648830003,0.000159859915,0.02515013861109,0.00027516347753,0.0227,0.0008000000119209289,46.286755818660005,44.732784914064005,17.700000762939453,16.899999618530273,-17.37235252797078,-6.724747416592205,18.628485585950454,0.5072262287139893
190920041,0.00329854378271,0.00020405846149,0.00339051972305,0.00035025685943000006,0.0037,0.0004000000059604645,46.102525970148,44.968375584324,48.70000076293945,41.0,-19.869418283227148,8.929173170724608,21.78354949512385,0.3775990009307861
190920041,0.0054416636040400005,0.00024226649452000002,0.00536287477197,0.00042193086882999996,0.0048,0.0004000000059604645,46.207173275208,43.250837699231994,37.29999923706055,36.599998474121094,-24.67086287119743,-2.9267671503460515,24.843858269350466,0.28891828656196594
190920041,0.03258806360403,0.00051943945436,0.03311288756461,0.00089501381902,0.0275,0.0008999999761581422,46.153878159384,44.89629154415999,18.0,16.100000381469727,-27.01306200156793,-15.072355825769101,30.93342453036401,0.1320182979106903
191231013,0.00630241961181,0.00019669712737,0.006588775273250001,0.00033575070698000004,0.0051,0.0004000000059604645,47.081739561228,45.378515038932,42.29999923706055,33.400001525878906,17.710966220328427,-21.842316695851718,28.120471228352862,0.21488113701343536
191231013,0.00897162221552,0.00023727215289,0.00868141023362,0.00041619784769999997,0.009000000000000001,0.0005,46.465657062911994,41.68627888032,38.0,27.29999923706055,14.340490522674301,28.068660710235616,31.51975273724566,0.10745573043823242
191231013,0.00944302605709,9.833457112e-05,0.00929441825465,0.0001712283534,0.008199999999999999,0.0005,45.051545296907996,44.391549809736006,30.70000076293945,25.399999618530273,11.466224297229536,-8.11561142446465,14.047676113450036,0.721960186958313
191231013,0.007723726416140001,9.820572372000001e-05,0.007564831005279999,0.00017129388578,0.0075,0.0005,45.123868783836,44.080772850288,35.599998474121094,26.5,10.428745870697425,-6.934131239074197,12.52360846483526,0.7742288708686829
191231013,0.007281332006600001,9.75498474e-05,0.0079509875338,0.00016427243602999998,0.006999999999999999,0.0004000000059604645,48.73033188125999,45.185711688468,31.899999618530273,28.10000038146973,6.042036744773881,10.194881400840089,11.850810427267024,0.7241461873054504
191231013,0.011765950542610001,8.551959387999999e-05,0.01130118774548,0.0001501820548,0.0106,0.0005,44.983511391168,43.101141060635996,23.399999618530273,22.200000762939453,3.683052842200608,7.656616114547276,8.496389005596484,0.8368439674377441
191231013,0.006568363547149999,0.00015043574435,0.00729847218858,0.00025221730891,0.0062,0.0004000000059604645,50.722401784104,44.759885270363995,31.70000076293945,29.5,-0.9106169285421128,-21.365816748630625,21.385213065335158,0.4560677111148834
191231013,0.00401483878698,9.526483677e-05,0.00399468252548,0.00016533373844999997,0.0032,0.0004000000059604645,46.10418129,43.96322517454799,46.70000076293945,44.099998474121094,-1.4718197927056242,-14.245928816654219,14.321757187976901,0.7289770245552063
191231013,0.00493404506432,0.00025852231797,0.00418413207223,0.00047402064183,0.004900000000000001,0.0004000000059604645,42.482757785112,39.882058179768,37.5,34.09999847412109,-1.6784948299359703,32.65546856768143,32.69857623092358,0.13673685491085052
191231013,0.00714863580553,0.00017466636659,0.009928536949459998,0.00027400011872,0.0093,0.0008999999761581422,58.205667189564,47.921993389799994,42.29999923706055,31.70000076293945,-7.145396262919944,19.984597724913836,21.223577899076354,0.4080950915813446
191231013,0.010240922709629998,8.076516404999999e-05,0.01033077172202,0.00013950371184,0.0096,0.0005,46.007933014764006,44.480459117483996,32.5,23.5,-8.489161514053814,-4.320122846217936,9.525192212338931,0.8447962999343872
191231013,0.00620836297714,8.094359937e-05,0.0063219157181999995,0.00013938798431,0.0071,0.0008999999761581422,46.393000095816,44.547154558812,47.9000015258789,31.70000076293945,-8.369391735240225,-5.375628827374232,9.947062190178533,0.8361863493919373
191231013,0.01802232026437,0.00017825715509999998,0.017824212239049998,0.00030995609986000006,0.0175,0.0008999999761581422,45.346988731752006,43.795079714484,22.70000076293945,18.600000381469727,-10.828145664743113,20.451503438090352,23.14111812761227,0.34475964307785034
191231013,0.013899738600309998,0.00018646063177,0.0148549945228,0.00031597347668000004,0.0135,0.0006000000238418579,46.960006814315996,46.061688175452005,26.79999923706055,23.20000076293945,-18.649170391154932,1.330573571502249,18.696576289267608,0.4943430423736572
191231013,0.01796499562861,0.00022113725007000002,0.018916216107959998,0.00037668195738,0.0172,0.0006000000238418579,47.477241287316,44.826405528132,25.0,20.299999237060547,-22.751597292980122,4.564964128355975,23.20503765618413,0.3351563215255737
191231013,0.00806786233646,0.00030777924667,0.00845637399002,0.00052492038704,0.0075,0.0005,46.894033530288,45.188977952952,48.9000015258789,39.20000076293945,-24.96447867864337,3.948865904536533,25.27485832838693,0.2742728888988495
191231013,0.005750398712649999,0.00024653329034999996,0.00652566505028,0.00040999713761,0.0043,0.0004000000059604645,49.684259017584,45.937274946588,40.5,36.79999923706055,-26.55504326401621,16.58507547278137,31.30861830626009,0.12846750020980835
191231013,0.00707886853491,0.00024585901205,0.00772558927291,0.00041500802124,0.0066,0.0004000000059604645,50.600702248704,43.464860053992005,42.70000076293945,29.0,-28.150041070953513,11.783783130692592,30.516868345274958,0.14502134919166565
191231013,0.15049532127832002,0.00026570179452,0.1479958064979,0.00046343663658,0.162,0.004900000095367432,47.092840886412,42.507770736924,19.399999618530273,17.0,-29.48207749268486,-12.393750769745846,31.981153600915817,0.11622229218482973
200122050,0.009917283237450001,0.000248429179,0.010431387038100001,0.00042323206463000003,0.008,0.0004000000059604645,46.920773683979995,45.281225066004,27.20000076293945,25.70000076293945,20.89958849082232,11.200401441723155,23.711605724205054,0.26400557160377497
200122050,0.010701632778209999,0.00027588290933999997,0.01143227064558,0.00046786800891000004,0.0098,0.0005,48.279305422404,45.055190266524,32.700000762939446,30.399999618530273,20.7512423153864,-23.923634956600583,31.66934504705513,0.1198301911354065
200122050,0.01002101743954,0.00026809953086,0.010825653331620002,0.0004528867492,0.0085,0.0005,48.09596429052,45.751182430536005,27.79999923706055,24.899999618530273,15.177018117579365,-25.41097585505057,29.59823267841295,0.17712730169296265
200122050,0.10875845875917999,0.00020396156488000002,0.10826020873471999,0.00035381731752,0.0834,0.0025,45.111708226764,44.64483751962,15.899999618530273,15.100000381469727,10.876358766030142,3.7793232585884087,11.514270130726285,0.7470855116844177
200122050,0.01173567964633,0.00010704000282999999,0.01157255771058,0.00018629320696000003,0.0102,0.0005,45.32660495514,44.073993637944,32.200000762939446,22.899999618530273,8.106350505554719,-1.8966694122083123,8.325278776748785,0.8841109275817871
200122050,0.02067276725877,0.00027767990047,0.020250002652490003,0.00048432815058,0.0179,0.000699999988079071,45.013531583844006,43.785854103312,23.20000076293945,18.100000381469727,7.273592116049621,28.337306206079212,29.25588602377264,0.17691075801849365
200122050,0.003947267188,0.00029475244483,0.00386162765487,0.00051454435371,0.0038,0.0004000000059604645,45.74428115968799,43.631180139888,40.900001525878906,39.400001525878906,4.976185288336095,-32.40033325386721,32.780226994029256,0.11055438220500946
200122050,0.0071083127633699995,0.00022913393592,0.00971843043852,0.00036141311010000007,0.0076,0.0008999999761581422,58.974331175172004,47.196449660484,38.70000076293945,29.0,4.067279903980834,-23.27163392768687,23.624382717607826,0.37551194429397583
200122050,0.00536689379881,0.00016402811284,0.006774406201779999,0.00026523778929,0.0058,0.0004000000059604645,56.469580723115996,45.44703932709601,48.29999923706055,31.20000076293945,3.864962692912744,-17.57900863995115,17.998870830722467,0.5959800481796265
200122050,0.005781987846359999,0.00026622419815,0.00605730935036,0.00045493171339,0.005,0.0004000000059604645,48.571297441344,43.4154414123,44.79999923706055,34.5,-1.3686292490392789,26.635558827733725,26.67069745253264,0.25612136721611023
200122050,0.00476205534199,0.00014332341615999998,0.0047018660430299996,0.00024934076664,0.0043,0.0004000000059604645,45.517663463976,44.092659715307995,37.400001525878906,36.099998474121094,-2.8271417262216434,-16.541389506338867,16.781246540612052,0.6322599649429321
200122050,0.07739469716856,0.00025981072747,0.07794001850080999,0.00044897877442,0.0686,0.0020999999046325685,45.532498606272,44.57580355281601,17.700000762939453,15.399999618530273,-4.426551428478327,20.95231240209205,21.414796518379358,0.4044741094112396
200122050,0.011952240940199999,0.00013704223679,0.011776297479479999,0.00023854612224,0.0109,0.0005,44.855873294004,44.323985586204,27.70000076293945,25.20000076293945,-5.830148373243505,15.531722320583999,16.589900452444304,0.5687707662582397
200122050,0.018987932332779997,0.00016977890155,0.018908539562830003,0.00029454537789,0.0173,0.0006000000238418579,45.914770936619995,44.0984846268,23.399999618530273,21.100000381469727,-7.5784427658650815,-17.79688783353487,19.343254592776013,0.5150986313819885
200122050,0.04524853462457,0.00014059750134,0.04566796722887,0.00024277893329,0.047200000000000006,0.0015,45.424269764028,44.869962359232,17.700000762939453,15.399999618530273,-10.953740199821386,12.110175238941341,16.3291234415098,0.5741190910339355
200122050,0.00725180978963,0.00021506542283000003,0.00745146931451,0.00036926789344,0.0057,0.0004000000059604645,46.773143798796,44.652450266963996,41.900001525878906,31.20000076293945,-15.306386618987567,-16.26966861743036,22.33799093627346,0.3788037598133087
200122050,0.010669362484209998,0.00021652178877999998,0.01094273372456,0.00037194045594,0.0089,0.0005,46.2646114524,44.727516566351994,28.5,24.399999618530273,-17.877500851540333,16.231291452106035,24.14658327719637,0.30419647693634033
200122050,0.19640357275303,0.0002418294097,0.19863648900793002,0.00041729291962000004,0.1819,0.0055,45.519749188848,44.979602863428,17.0,16.700000762939453,-19.82459531093455,1.293626735818358,19.86675692767615,0.4511200189590454
200122050,0.02972068480703,0.00031990996286,0.03132689098831,0.00054481982063,0.0252,0.0008000000119209289,47.36354142625201,44.846893163196,22.899999618530273,17.5,-22.468794142149974,21.661242927822066,31.20976568481352,0.1338067650794983
200122050,0.00628805754491,0.00027480896941,0.00738169926078,0.00045227360268999996,0.0074,0.0004000000059604645,50.7249397971,46.697623728732005,28.0,26.70000076293945,-22.135651284733814,15.925345336370293,27.26903329464881,0.21562053263187408
200122050,0.01606020304129,0.0003099211972,0.01609558415439,0.00053730873593,0.0134,0.0006000000238418579,47.264663087567996,42.761252415996005,27.20000076293945,23.5,-24.59537666577929,18.4774355560552,30.762677918022906,0.14041456580162048
200122050,0.29508351098575,0.0005964635169600001,0.30504755509417,0.00102182849056,0.2132,0.006400000095367431,46.252953936864,45.303022221912,18.5,16.899999618530273,-27.73239599068913,-4.0926048056852204,28.032745818862143,0.204635888338089
200122050,0.00632356258797,0.00046508474693999997,0.00617224448968,0.00081449513964,0.0064,0.0004000000059604645,47.671548304788,41.518365031296,34.900001525878906,29.20000076293945,-32.30879894925436,-5.799401997373856,32.82515137555016,0.10942485183477403
200123001,0.0075466143083800005,0.00029091289183,0.00844382390017,0.0004883581543500001,0.0076,0.0005,52.458749529696,43.48633012362001,41.099998474121094,27.29999923706055,18.85076605123016,-21.066730339206874,28.26931303894264,0.20775389671325686
200123001,0.012008097273459998,0.00026061042793,0.012958874584610001,0.00044094173691,0.0104,0.0005,49.525957589472,44.398804625568,34.299999237060554,23.29999923706055,18.740664959560988,-19.072017451516267,26.738563340878734,0.2519698739051819
200123001,0.01416633930594,0.0001432488471,0.01467007982627,0.00024538327133000003,0.0122,0.0006000000238418579,47.184764436252,44.324434500444,28.29999923706055,22.399999618530273,17.135898646187524,8.366958543885065,19.069463492294734,0.4347150921821594
200123001,0.0099899555982,0.00014442773888999997,0.01069373017336,0.00024461690129,0.0108,0.0005,46.970324294796,46.042597969272,33.200000762939446,27.10000038146973,16.195728215333723,7.323426636226397,17.774526529011787,0.4907525479793549
200123001,0.0075118772088299994,0.00018303834679,0.00921895825103,0.00029685040423000004,0.0072,0.0005,50.714136750635994,49.299659975232004,31.70000076293945,30.899999618530273,13.647824738619887,-18.587114714612124,23.05953465452274,0.3894879221916199
200123001,0.005404799327479999,0.00018102681946,0.00640536136139,0.00029780625933999996,0.0067,0.001,53.273742182568,45.296532886680005,47.70000076293945,38.5,13.201762592275205,-16.99469382012262,21.519868349906982,0.4467607736587525
200123001,0.01140219939454,0.00011963525162,0.011449942702099999,0.00020693678729,0.0095,0.0005,45.572282086284005,44.828332420392,25.5,24.5,10.317096482878553,-14.355033761256685,17.677919998104578,0.6022703051567078
200123001,0.009021891556750001,0.00017734896649999998,0.009320430300799999,0.00030395922769,0.0076,0.0005,46.648269631908,44.527289406588004,38.099998474121094,27.60000038146973,2.6174211817473534,22.469994169212995,22.621923747640988,0.3576895892620087
200123001,0.0521210390368,0.00029774686411,0.051852922350739995,0.00051669835065,0.046,0.001399999976158142,45.519018857676,43.894928806163996,18.899999618530273,16.299999237060547,-4.6625582878354175,26.02249919455688,26.436896544360643,0.2616890370845795
200123001,0.006571067593600001,7.887847971e-05,0.0068378587151000005,0.00013484042050999998,0.0054,0.0004000000059604645,46.283426477676,45.50677387819199,39.400001525878906,34.09999847412109,-7.87312753651677,1.5072430022343193,8.016103461295598,0.8676484823226929
200123001,0.0069864844601700005,0.00014201036182,0.00752810734214,0.00024007099722,0.0072,0.0005,48.00536476326001,45.702095637924,46.4000015258789,38.5,-11.336148566308234,-16.925740645985712,20.371252350985888,0.4632754325866699
200123001,0.00505857004982,9.723404712000001e-05,0.00497222627692,0.00016944132063,0.0048,0.0004000000059604645,45.632259264996,43.515557253504,36.70000076293945,35.09999847412109,-11.58015169967664,7.457800294847507,13.773833462637544,0.6696943640708923
200123001,0.005338407816409999,8.497452364e-05,0.005424855575550001,0.00014640501454,0.0046,0.0004000000059604645,45.747224455643995,44.99997612444,39.79999923706055,36.599998474121094,-11.679400776936491,-1.232622638017833,11.744264780324867,0.756941556930542
200123001,0.006937123866890001,0.00025816476175,0.00887730231291,0.00041497381054999996,0.0077,0.001,55.376149831667995,46.406065107888004,41.400001525878906,33.200000762939446,-13.049848057211983,26.3213529034432,29.378713810502425,0.18742717802524567
200123001,0.009555961743120001,0.00015231764953,0.010242573146510002,0.00025818499478,0.01,0.0005,48.82397715972,44.618881706136,30.20000076293945,28.399999618530273,-17.545027844227793,-11.300964505247256,20.869563770182555,0.42602500319480896
200123001,0.013348689320080001,0.00017762625931,0.016384002243610002,0.00028829473208,0.0142,0.0008999999761581422,51.942786124032004,48.043614860496,26.5,24.899999618530273,-19.361309174019368,-12.516154150120284,23.054560315136033,0.34764939546585083
200123001,0.00550108006355,0.00027564749691000003,0.00528113896432,0.00048563184218000004,0.0043,0.0004000000059604645,47.241454450968,40.896622374732,43.0,37.900001525878906,-21.52653116617353,19.60934546169495,29.118944823934612,0.17474278807640076
200123001,0.0032128924507100003,0.00026646463431,0.0027109805923899995,0.00048922581035,0.0031,0.0004000000059604645,41.573643588828006,40.853098962863996,48.9000015258789,46.099998474121094,-20.656167840764386,19.055833409950353,28.103339423356267,0.19846005737781525
200123001,0.00488106776373,0.0001651537825,0.00473241872501,0.00028926623356,0.0044,0.0004000000059604645,45.967386094488,42.830872641612004,44.900001525878906,37.79999923706055,-21.84962815054636,-8.56200424988255,23.467278921279327,0.33275288343429565
200123001,0.023358900935900002,0.00025093783724,0.023358435081189996,0.00043464259782,0.0218,0.0008000000119209289,44.996267394684,44.817957321012,23.5,17.299999237060547,-24.47083486654375,13.098622186898812,27.755950071511453,0.20342937111854556
200123001,0.01725390436507,0.00017291967391,0.017998082735979998,0.00029546682541000004,0.0147,0.0006000000238418579,47.3839472034,44.667340249464,29.5,22.100000381469727,-26.35259904407512,-6.0622566592657385,27.04088963625669,0.2274969220161438
200123001,0.00560509355085,0.00023420529372,0.00513414784761,0.00041789098483999994,0.0055,0.0004000000059604645,43.390041279768,42.969516281135995,34.200000762939446,32.0,-26.847977810502353,-15.8134011201043,31.158826734657485,0.1267957091331482
191004041,0.008602895192209999,0.00027602309558999997,0.008781182844049999,0.00047484554693999996,0.0066,0.0005,45.7797652875,45.25743887658,42.5,29.70000076293945,18.57460485550835,-13.543675831287697,22.98793847945695,0.3725076913833618
191004041,0.024072467959369997,0.00024444326315,0.0241391387138,0.00042314441855,0.0217,0.0008000000119209289,46.114677499968,43.940758311935994,17.899999618530273,17.200000762939453,17.220571873819228,12.383695668722124,21.21091066807428,0.3516882061958313
191004041,0.043300090320210004,0.00013693447563,0.043800456889899995,0.00023630097228,0.0386,0.0012000000476837158,45.927208228644,44.583443526527994,16.5,16.200000762939453,15.110859927815133,2.3371284334785494,15.290527194779644,0.6080449819564819
191004041,0.44050296420552,0.00039319927377,0.44306867998724,0.00067974445146,0.3707,0.011100000381469726,45.466601466564,44.961236837136,18.0,16.100000381469727,12.410008930145922,-20.861123861007297,24.273296438637217,0.3457085192203522
191004041,0.00609320689886,0.00038603851095,0.0059145993691,0.0006756333213200001,0.0054,0.0004000000059604645,45.324936621792,43.156804499928,41.70000076293945,33.0,9.312238646726057,28.561446642985068,30.04117220887271,0.1551286280155182
191004041,0.06037690509345,0.00047176718864999997,0.06063097078289,0.00081637710093,0.0534,0.0017000000476837158,46.260281928312,43.784134029396,19.399999618530273,17.100000381469727,5.270153307883634,23.179997206830922,23.77154528993453,0.31704309582710266
191004041,0.01026663238202,0.00011812787468999998,0.0108551083051,0.00020087474722,0.0093,0.0005,46.42844096804401,46.096740579384004,27.899999618530273,24.29999923706055,-11.419382465145741,2.3887593507960294,11.666552452794326,0.7507631778717041
191004041,0.00551036027503,0.00015239208792,0.00604821412962,0.00025663045294,0.0057,0.0005,50.300526314807996,44.176237637868006,46.70000076293945,32.700000762939446,-15.815674591527273,1.5576571557456935,15.892194357042131,0.5980619192123413
191004041,0.043004595879260005,0.00022831531684999997,0.04444360404851,0.00039117076839,0.0454,0.001399999976158142,45.930571999559994,45.543865778964005,19.100000381469727,14.899999618530273,-23.132946080058822,2.6505426805664447,23.284296528043303,0.3360127806663513
191004041,0.04634301907920999,0.00064671234474,0.05258702805308999,0.00107633337515,0.0423,0.0016000000238418578,50.247795276252006,45.781858271232004,29.899999618530273,15.300000190734865,-30.824893530402022,-6.274666780201689,31.45702543477568,0.13136716187000275
200313068,0.0068805491542500005,0.00019482790684,0.00688526714039,0.00033738524769999994,0.0052,0.0004000000059604645,45.056398830480006,44.835870996972,34.400001525878906,32.799999237060554,19.14624381711632,6.824901477819009,20.326274889421637,0.38957923650741577
200313068,0.01791905355062,0.00023761744146,0.01740105200326,0.00041563295617000004,0.0136,0.0006000000238418579,44.837016522516,44.19259063398,21.799999237060547,20.200000762939453,17.970519499090624,-16.463731155402634,24.371941770944428,0.33173954486846924
200313068,0.01903426857003,0.00030373685352,0.01956897985283,0.00052149902082,0.0169,0.0006000000238418579,47.303879126832,44.481343942692,27.10000038146973,22.899999618530273,17.65579364210249,-23.013104823160443,29.0056095652534,0.19119632244110107
200313068,0.02126418584199,0.00014960970152,0.021243039423720002,0.00025923888911,0.0187,0.000699999988079071,45.338519345292,44.5318790229,23.60000038146973,17.899999618530273,14.675641903305936,4.372889108609391,15.313278821618251,0.5965821743011475
200313068,0.00633463074075,0.00011661459956999999,0.006370235629560001,0.00020161674713999996,0.0061,0.0004000000059604645,45.5122661202,44.726698927296,41.400001525878906,30.5,11.113707885107623,0.8668110765500942,11.147459880185854,0.77530837059021
200313068,0.02602287493473,0.00011555963288999999,0.025754242165939998,0.00020086494539,0.0226,0.0008000000119209289,45.412580808936006,44.347323251412,21.200000762939453,17.0,5.480116992790752,-10.660759789460213,11.986800460258241,0.8160715103149414
200313068,0.01917208859288,0.00019366801338000002,0.02007190525686,0.00033043910294000003,0.0202,0.000699999988079071,46.313938409616,45.330472732284,21.899999618530273,17.5,4.588531127358646,21.58970962453625,22.071925669819183,0.36858996748924255
200313068,0.00939905191913,0.0001043234582,0.009791424067209998,0.00017828289253999998,0.0078,0.0005,46.536121076940006,45.123185682468005,39.400001525878906,33.09999847412109,1.9259784648590412,10.112644425500504,10.294414001010642,0.7814118266105652
200313068,0.01324499852497,0.00021393313977000002,0.01316457522471,0.00037131967086999996,0.0109,0.0005,45.642763291571995,44.412245266140005,31.0,22.399999618530273,-17.335223922679123,-15.46360844171145,23.229962283195324,0.34406620264053345
200313068,0.024742917093509998,0.00030802736538,0.025344725147250002,0.00052932509402,0.0226,0.0008000000119209289,45.826938058644,44.803748135736,19.899999618530273,17.0,-19.201977502528738,22.738800039553183,29.761780692649804,0.164059579372406
200313068,0.06675210384703,0.00054785059499,0.07065859780332001,0.00093139856251,0.0591,0.0017999999523162845,47.353639076388,45.60367311054,18.299999237060547,16.0,-21.186765822274822,-16.042889161650322,26.575366038677657,0.2364653348922729
200313068,0.01683347276092,0.00054801222477,0.017876256495470002,0.0009310270186100001,0.0145,0.0006000000238418579,47.627297215704004,45.50759822285999,28.20000076293945,23.5,-21.258593448331503,-17.083995091006493,27.272457963066625,0.217265859246254
200313068,0.01366376355889,0.00029351498932,0.01401237230591,0.00050435066567,0.0132,0.0006000000238418579,46.810699126163996,43.945353547020005,31.70000076293945,20.700000762939453,-21.2204053047265,20.919798409912893,29.798288681321136,0.16063949465751648
200313068,0.02577796671424,0.00043759021460000006,0.02561163255923,0.0007595979606,0.0219,0.0008000000119209289,45.599981626224,44.352519983208005,18.0,17.0,-24.4010810972473,-11.355667452399855,26.91396991181297,0.22812245786190036
200313068,0.00151165622643,0.00025884814507,0.00125348526539,0.00047909034603,0.0031,0.0004000000059604645,42.595018705512,39.116881988532,49.79999923706055,46.0,-24.589885400773372,17.184265187118342,29.999273287608926,0.15395067632198334
200313068,0.011040550441799999,0.00023545187269999999,0.011309203588729999,0.00040477096349,0.0097,0.0005,46.599275492568,44.518846192776,37.29999923706055,23.899999618530273,-26.273088910536465,-0.1629736633635761,26.273594363901715,0.24825376272201535
191114041,0.022897074759830004,0.00012871298033,0.02382604388136,0.00022004405833,0.021,0.000699999988079071,46.585767519072,45.273196185588,17.299999237060547,17.100000381469727,20.104840958978425,-3.0025187904505404,20.327804758353967,0.4303808510303497
191114041,0.023391813910110002,0.00021895270175,0.02448120378081,0.00037396363761,0.0182,0.000699999988079071,48.007198452492,44.391189382596,22.399999618530273,18.0,19.787332166896405,-18.615265386256283,27.167311107211194,0.2378877252340317
191114041,0.029242005494980003,0.00027255032060000004,0.029887394684779998,0.00046866303060000004,0.027100000000000003,0.0008999999761581422,45.669305494656,45.082319595912,19.600000381469727,16.100000381469727,19.683719851265664,17.969894012681497,26.65262443213307,0.17974744737148285
191114041,0.013366561367260001,0.00018125810029,0.013398473590000001,0.00031382445698000005,0.0127,0.0005,46.253743496604,44.165151218988,25.10000038146973,20.600000381469727,17.00476158689968,-21.3791149904632,27.31711453642955,0.23761709034442904
191114041,0.01283607993694,0.00011770714701999999,0.012684861361180001,0.00020469635068,0.0122,0.0005,45.12847084398,44.424866620224,21.299999237060547,20.899999618530273,14.737580683851805,-6.192754942266754,15.985814438146393,0.6267492175102234
191114041,0.018462956924560004,0.00023263868838,0.02002798862595,0.00039320520979000003,0.0174,0.000699999988079071,49.66044773724,43.876498228416004,26.79999923706055,18.5,13.135520119756984,27.93097639359376,30.865474797418944,0.12329015135765076
191114041,0.00695791891478,0.00022107012897,0.00614256695796,0.00039978482586999997,0.0073,0.0004000000059604645,43.580861111843994,40.690511819352004,28.399999618530273,27.0,11.996730084822314,27.74255037236893,30.22527931382092,0.13963507115840912
191114041,0.00611482357594,0.00010388115061000001,0.00689829151053,0.00017337232533999998,0.006,0.0004000000059604645,51.036977131884,44.802431904744,43.0,34.0,12.618725906403224,-3.13561612988275,13.002472374785366,0.7296780347824097
191114041,0.00648581317724,0.00020481532803,0.007647783934739999,0.00033713725254999995,0.0063,0.0005,52.321505612004,45.955504849751996,45.20000076293945,30.10000038146973,12.3276842628547,-23.447340944981047,26.49051226554489,0.2724975347518921
191114041,0.00250292793464,8.772794079000002e-05,0.0027301412498999997,0.00014767476663999997,0.003,0.0004000000059604645,47.115060343056,46.893026679336,47.099998474121094,45.5,6.254692772452465,-0.8253722209951522,6.3089159313839005,0.9299082756042479
191114041,0.022126515424619998,8.600550119e-05,0.021653804618480002,0.00015005118047,0.0227,0.001,44.856819232992,44.236806432588,17.700000762939453,17.100000381469727,0.7367179623259967,-4.422082621489713,4.483031091565676,0.9842568635940552
191114041,0.0055841139218,8.177402797e-05,0.005636846583399999,0.00014120080130000003,0.0054,0.0004000000059604645,45.594554331456,44.791180007903996,33.5,31.899999618530273,-2.6280621196685585,3.146916978613535,4.099975005526054,0.9487140774726868
191114041,0.00433179489122,0.00011529566309,0.004365244575449999,0.00019931083968,0.0044,0.0004000000059604645,46.595447915760005,43.594851040811996,39.0,37.599998474121094,-8.734486305014475,15.636647250881412,17.91076386227261,0.5190255641937256
191114041,0.0122182311801,0.00032270997093000004,0.0160113391429,0.00051567483967,0.015,0.0011000000238418578,57.527948627496,46.496077148268,49.70000076293945,30.399999618530273,-10.413380213052225,-26.70746597169296,28.665746884689803,0.19189698994159696
191114041,0.26143229528859,0.0008930866536100001,0.26429303486405,0.00154190678743,0.2368,0.007099999904632569,46.623035586204004,44.17533083754001,18.700000762939453,16.600000381469727,-14.300054568286738,-20.36506844509148,24.88423559861853,0.29464974999427795
191114041,0.00802423731513,0.00053272039055,0.008042868984,0.0009219884331599999,0.0064,0.0005,45.266009734224006,45.196940127492,31.29999923706055,30.29999923706055,-13.939157940928018,-26.67803529508993,30.100062971112237,0.14923806488513947
191114041,0.0075648019518,0.0001517573593,0.007742914307800001,0.00026087642649,0.0071,0.0005,46.103556614472,44.756994662459995,40.400001525878906,29.0,-14.125642291519165,15.28910592609112,20.815600270018443,0.4140948653221129
191114041,0.012905393662809999,0.00022263309397000002,0.01269283186853,0.00038784503156,0.0116,0.0005,45.627632957844,43.830427796171996,22.70000076293945,22.200000762939453,-14.610955628274855,-13.901793115485036,20.167764192503466,0.4593846499919891
191114041,0.006167460963310001,0.00019012366537,0.006389702218590001,0.00032554316276,0.005900000000000001,0.0005,46.634057948591995,44.713974822228,49.79999923706055,30.899999618530273,-14.664324366370284,21.006044235950053,25.618228416506554,0.269918292760849
191114041,0.00960652573432,0.00021781341066,0.00969132338239,0.00037618056018000004,0.0083,0.0005,45.34425382266,44.805609183887995,29.899999618530273,25.29999923706055,-19.136205715919818,18.89819848563921,26.894843119148785,0.22759737074375155
191114041,0.00848277063005,0.00021486244046,0.00863617288944,0.00036994736267,0.0085,0.0005,45.50051069672401,45.265799546892005,39.599998474121094,26.399999618530273,-26.475285279198488,3.4903485575198387,26.70436336659465,0.23576077818870544
191114041,0.014195561810610002,0.00026404742556,0.014102359750729999,0.00045842022973,0.0129,0.0006000000238418579,45.377742192156,44.119244485512,22.60000038146973,21.200000762939453,-27.901238301034823,16.72557576786841,32.530260389874414,0.10827182978391647
191003043,0.005440210088300001,0.00021570509645,0.00579576441871,0.00036739098361,0.0041,0.0004000000059604645,50.721822413207995,42.655456532520006,41.0,37.900001525878906,25.165792305002647,-6.801860420492615,26.068785569763595,0.24089649319648745
191003043,0.0043728098489199995,0.00012478226359,0.00449037415354,0.00021427139673,0.004200000000000001,0.0004000000059604645,46.228478682672005,44.714702077595994,40.20000076293945,37.70000076293945,7.30409584689554,14.437660652508375,16.180097267888232,0.5620856285095215
191003043,0.02469677120338,0.00015563253244,0.02512788277729,0.00026804280582,0.0215,0.0008000000119209289,46.281889023732006,44.843213702304,21.5,17.200000762939453,5.425570407909121,-17.422638201854028,18.247873414042875,0.5876378417015076
191003043,0.01665137792226,0.00032624428253,0.016781031502469998,0.0005636214073300001,0.0154,0.0006000000238418579,45.448020086652,45.430190962092,20.700000762939453,19.299999237060547,4.351603203237692,-27.719511883898424,28.05899818461952,0.22949950397014615
191003043,0.0037770148813100002,0.00033042198627999996,0.004099643607090001,0.0005591329650700001,0.0044,0.0004000000059604645,51.322601206655996,43.346417973228,39.599998474121094,36.900001525878906,3.924533218463331,-28.73035599928277,28.99715431286673,0.20265673100948334
191003043,0.01645402428784,0.00026659274082,0.01659936571288,0.00046041556917,0.0151,0.0006000000238418579,45.858561088428004,45.055637491824,20.799999237060547,19.399999618530273,2.2236990948768387,-26.895656201715433,26.987424095219374,0.2609796524047852
191003043,0.02962297642574,0.00012232208989,0.03231460631738,0.00020603968303,0.041100000000000005,0.0017999999523162845,48.86875272315601,45.415640955276004,33.5,16.399999618530273,-9.062912822570887,-11.24686319218817,14.443961625927345,0.6938948035240173
191003043,0.04069944244164,0.00012496644576,0.04165246256638,0.00021481135055000003,0.0479,0.0015,46.330059293676,44.91821428102801,17.299999237060547,16.299999237060547,-13.2469311331632,-9.953186745651529,16.569448407015045,0.5977317094802856
191003043,0.03006661465572,0.0003311591199,0.03065980733804,0.00056992557977,0.0278,0.0008999999761581422,45.535594967136,44.97220975014,18.399999618530273,16.200000762939453,-18.74746369529182,20.162807335627985,27.53183910533868,0.21335312724113464
191003043,0.008948762586729999,0.00015528640984,0.008701473712600001,0.00027152330775,0.0077,0.0005,44.74833713334001,43.999144979436,33.5,26.79999923706055,-19.81661817373961,0.2729633846790829,19.81849802653589,0.4535523653030396
200426041,0.00318143047431,0.00031226500879,0.0041723644479000005,0.00049976321087,0.0032,0.0004000000059604645,58.558924482120005,45.495305987327995,48.4000015258789,45.4000015258789,20.11103901899795,-16.414096025768927,25.95907096276861,0.2715612351894379
200426041,0.04662246220588,0.0001193207954,0.04742785220353,0.00020551722396000002,0.0424,0.0012999999523162842,45.853815546288004,44.851547197332,17.5,16.600000381469727,12.268234672020931,8.664166327699657,15.019222398176716,0.5980938076972961
200426041,0.007594951793739999,0.00042634060152,0.00933044546252,0.0006956407096699999,0.0112,0.0008999999761581422,55.780545693528005,44.363301906384,28.60000038146973,24.10000038146973,9.933520553235748,28.16565079673591,29.86597574978191,0.15612134337425232
200426041,0.0067701541358,0.00013725510554,0.007936646909479999,0.00022661392930999999,0.005900000000000001,0.0004000000059604645,52.81847532331199,44.8625700549,38.099998474121094,30.899999618530273,8.71714945738052,9.660422646847586,13.012004471195027,0.6790982484817505
200426041,0.019824019883919998,0.00012940585637,0.0205246453719,0.00022178993971,0.0171,0.0006000000238418579,47.638150903656,44.059756515480004,21.899999618530273,18.600000381469727,8.462153218392293,-5.874769386044267,10.30149905227546,0.84930020570755
200426041,0.00840707307717,0.00024913491908,0.008701584391120001,0.00042689739703,0.008199999999999999,0.0005,47.099112587424,44.335627342524006,27.0,25.79999923706055,5.445498644763559,19.67277452439713,20.412525303866285,0.4212350249290466
200426041,0.03378269542404,0.00021567069664,0.0339321732786,0.00037303138673000003,0.0322,0.001,45.58093225578,44.475946058844,18.5,16.600000381469727,3.863863017175859,17.472248865886556,17.894378706642662,0.5122354626655579
200426041,0.32049399878175,0.00050143494303,0.39127382546539,0.0008195631245199999,0.462,0.0155,55.542051703404,44.304458828795994,30.29999923706055,15.800000190734865,3.2551817110413515,24.656866993544032,24.870808515358053,0.29365167021751404
200426041,0.041030408203720004,0.00027728330692,0.04368528200817,0.00047098462707,0.0349,0.0011000000238418578,48.552846408107996,44.464798495151996,17.0,15.399999618530273,-0.4923539937029243,-6.967437910644863,6.9848123211641076,0.9451647996902466
200426041,0.012334951790680001,0.00015847111630000002,0.01364615092918,0.00026610353893,0.0101,0.0005,50.3840626722,44.557082997228,24.899999618530273,23.29999923706055,-9.840740929936352,-10.983268607937195,14.746933303847465,0.6786797046661377
200426041,0.014664052700809999,0.00018104265847999998,0.01726310697388,0.00029793770667,0.0137,0.0006000000238418579,51.801382389672,46.086223734827996,30.5,20.5,-15.386408348348652,-7.460649550981243,17.09978017148197,0.5687653422355652
200426041,0.023049804185450003,0.00026597336004,0.02527823295246,0.0004482817807,0.0195,0.000699999988079071,50.797806342335996,43.842806190467996,20.200000762939453,17.700000762939453,-17.822817005922577,-14.858718352346687,23.20414486688766,0.3431501388549805
200426041,0.034820133806099995,0.00017922365616999998,0.039436291150000004,0.00029835136407,0.033600000000000005,0.001399999976158142,49.911591971412,45.944875749924,16.600000381469727,19.399999618530273,-18.391312668464373,0.7397659645168889,18.406184562003673,0.5063483119010925
200426041,0.009060366916,0.00026725494008000004,0.01056659201957,0.00044195088887,0.0085,0.0005,52.92244656414,44.72682241960801,28.5,25.29999923706055,-20.064750519406036,-11.897940742630865,23.327100116583686,0.3385714292526245
200426041,0.013215724056120001,0.00028519177571,0.01350716807344,0.00049044951386,0.0119,0.0005,45.978963292512,44.858159637516,25.0,21.600000381469727,-20.296104653568392,18.41332176722355,27.4039840767854,0.21500054001808167
200426041,0.01303557697684,0.00025423809458,0.01390363219143,0.00043169217084,0.0112,0.0005,48.850235603819996,44.298551093507996,28.20000076293945,22.200000762939453,-20.581114116884134,-9.9301035099203,22.851434001443337,0.35325905680656433
200426041,0.01794294364332,0.00035022473083999995,0.02053904223684,0.00058654351313,0.0155,0.0006000000238418579,55.451341983384,41.934235994208,25.899999618530273,25.399999618530273,-26.177277644830433,-16.31947840391417,30.847529768014642,0.1310560256242752
190919048,0.007198106017830001,0.00020647475955000002,0.00786298197618,0.00034822614228999997,0.0071,0.0005,50.195208146076006,44.079441850332,36.900001525878906,28.20000076293945,21.568727885222224,-1.258675498142927,21.605422139097143,0.3728432953357697
190919048,0.018224662871340003,0.00024970515122999995,0.01705523571145,0.0004437454227799999,0.0153,0.0006000000238418579,46.537196131044,40.573359437688005,26.29999923706055,19.399999618530273,20.601014535557965,21.38406284400294,29.693003717827462,0.11400729417800905
190919048,0.012256724495649999,0.00020352543075000001,0.0138821391011,0.00033893971628,0.0109,0.0005,50.273293595832,45.720954445896,31.10000038146973,22.70000076293945,18.5507634999408,-12.44906368843701,22.340736533691878,0.3926182985305786
190919048,0.013057704345770001,0.00023408447618000002,0.01372258011338,0.0003989407034100001,0.0125,0.0006000000238418579,47.088625967784004,45.341574671952,31.399999618530273,21.299999237060547,18.16381542136402,-18.640764436188075,26.02689101519094,0.2753382623195648
190919048,0.01703739245356,0.00018099961757000001,0.017222255967130003,0.00031292416333999996,0.015,0.0006000000238418579,47.63143861596,42.87575830356001,28.60000038146973,21.799999237060547,17.110865880209296,13.563501574443858,21.83457778189436,0.33013659715652466
190919048,0.00874784625499,0.00010983040883,0.008799263083559999,0.00019005646683000003,0.0071,0.0005,47.001415636043994,43.34212741158,37.29999923706055,28.10000038146973,13.261627013706178,-0.6333731452124084,13.276743222710314,0.7050372958183289
190919048,0.00835370603788,0.00027856661702999996,0.008495014982060001,0.00048054349617,0.0079,0.0005,47.761711396092,43.317488826936,31.0,26.5,12.951961166006106,-26.717294985306513,29.69113961985444,0.1764468401670456
190919048,0.0035916200020300005,0.00012411639561,0.0036174748628299996,0.00021463314961,0.0032,0.0004000000059604645,46.79393719212,43.651903163760004,49.0,45.70000076293945,12.013374906355605,-8.610483134041433,14.780436212916443,0.69343501329422
190919048,0.010065914899860001,0.00013224268585,0.009929386839049998,0.00023030710638999996,0.0092,0.0005,46.311619834656,43.017042831156,35.70000076293945,24.79999923706055,7.878581053005716,15.615258824884755,17.490223574241764,0.5135421752929688
190919048,0.012476544253340001,0.00025176014668,0.012594182337219999,0.00043494782608999994,0.0115,0.0005,46.351482454224005,43.859405617308,23.899999618530273,22.0,4.716675088758403,32.013231457620286,32.35882212276622,0.13217683136463165
190919048,0.01294672202327,9.132666365999999e-05,0.01299735242465,0.00015798321599,0.0125,0.0006000000238418579,45.496289625012,44.746518126312,26.79999923706055,23.899999618530273,2.17298681858087,-8.164209551815574,8.448442486194002,0.9169118404388428
190919048,0.005607365102229999,9.118940537e-05,0.005600001978560001,0.00015804873483,0.0047,0.0004000000059604645,45.828018254232,44.191729812852,38.099998474121094,35.599998474121094,0.8410241703028347,-8.19628709950706,8.239322941379392,0.9217178225517272
190919048,0.01050332357839,8.261060648e-05,0.011290622582989998,0.00013990194988,0.01,0.0005,48.86715921516,44.528904159228,36.70000076293945,26.5,2.0898279596962097,2.094785418581345,2.958970481516353,0.969707190990448
190919048,0.04479876941119999,0.00010751091154000002,0.04637090676117,0.00018409943505000003,0.044000000000000004,0.001399999976158142,45.951750808236,45.710819193816,16.899999618530273,14.899999618530273,-2.139380178459,-12.151809932312407,12.338695762361612,0.7956755757331848
190919048,0.0053029451849099995,8.138403213e-05,0.00539682824361,0.00014015845754,0.0043,0.0004000000059604645,46.03013685684,44.778669300828,44.400001525878906,37.5,-3.628122781430207,-0.8870058538633276,3.7349771096758633,0.9704520702362059
190919048,0.010902060656429999,0.00025191492805,0.011340509191950001,0.00043140611087,0.0115,0.0008999999761581422,48.37819259890801,43.738902511199996,30.5,25.899999618530273,-7.1899985111958005,-25.94091995787995,26.91888604017764,0.2461497932672501
190919048,0.00915906806545,0.00027419825597000004,0.008920790998929999,0.00047939511287,0.0085,0.0005,45.74224233972,43.33439529115201,25.79999923706055,25.5,-10.377695963070265,-28.567258681604137,30.39378823226731,0.147636279463768
190919048,0.01897880686919,0.00011029557018999999,0.019288415779099996,0.00019002716653,0.019,0.000699999988079071,45.824743358028,44.920470295584,25.5,19.0,-14.73047346578502,-1.1563751714572028,14.77579249581673,0.6466527581214905
190919048,0.006832883685589999,0.00011215652451,0.00750128102249,0.00018855914958,0.0074,0.0005,49.027463697816,45.362868003288,42.20000076293945,27.70000076293945,-14.528575597954712,-2.3879189141820327,14.723506093928378,0.6512492895126343
190919048,0.00452236782597,0.00031396770483,0.00469292391639,0.0005391221410599999,0.0037,0.0004000000059604645,49.210189538003995,42.50584759445999,45.5,41.099998474121094,-15.294428217429047,26.9345069101572,30.973898858448266,0.15340761840343475
190919048,0.00621658779677,0.00020202353166999998,0.006562226187989999,0.00034375643648000006,0.0072,0.0005,46.85410808387999,45.709948915596,41.900001525878906,32.5,-18.568248980419273,-10.962828415763974,21.562984680434976,0.4001491069793701
190919048,0.009201342939950001,0.0001777806409,0.00986863118995,0.00030119733511000003,0.0094,0.0005,48.603641484815995,44.726861183616,30.79999923706055,24.10000038146973,-19.084405933529567,-5.306268289225468,19.808350353998954,0.4588794410228729
190919048,0.00514660351876,0.00016119539629,0.00521117271762,0.00027826346643,0.0052,0.0005,46.780362205559996,43.777888256952,46.79999923706055,37.900001525878906,-19.595208163518148,7.060611468056414,20.82843914868829,0.4138340651988983
190919048,0.42615799300348,0.00032726928588,0.44170207049448995,0.0005603415852,0.4029,0.012100000381469729,46.957867107804006,44.839347340896,17.5,16.700000762939453,-25.08409800026639,-18.080674238828284,30.92114085315302,0.12755995988845825
190919048,0.0121821222997,0.00027597350342,0.01254903244248,0.00047348788026999993,0.011000000000000001,0.0005,46.91682511776,44.548120436148004,24.79999923706055,22.5,-24.70992895739618,-11.065940761769905,27.074591873926977,0.2231815606355667
190919048,0.0049561053538800005,0.00029511120626999997,0.00411485110934,0.00054542051767,0.0045,0.0004000000059604645,42.567884070156005,39.597677733996,44.79999923706055,36.599998474121094,-26.83671471856124,-14.520630544526556,30.513172321962813,0.13977548480033875
190919048,0.01515641979117,0.00025899148938999996,0.022252885018189998,0.00040298996108,0.021,0.0012000000476837158,65.391892329024,45.4394497671,45.9000015258789,19.399999618530273,-31.52746451280584,3.7375809627376846,31.748230476895824,0.1292773336172104
190919048,0.01183855133079,0.0002488108307,0.012096995743740001,0.00042798739460000004,0.0122,0.0005,46.489006434168,44.467916932512,28.60000038146973,25.5,-31.070623182735734,5.7094750375557375,31.59083478717848,0.13026420772075653
191124035,0.01028387443622,0.00020914554924,0.01040298595036,0.00036097979767999995,0.008400000000000001,0.0005,46.239930917820004,44.784849918275995,31.70000076293945,25.70000076293945,9.86002775854274,-21.49444212832658,23.648042686683056,0.3763786256313324
191124035,0.044185915547629996,0.00017369116757,0.04675445504101,0.00029553430106,0.0385,0.0015,47.957607512315995,44.332038521712,19.299999237060547,20.700000762939453,8.614823233344708,15.695217625348265,17.90403641623494,0.4944230616092682
191124035,0.05125020842181,0.00010421143383000001,0.04988398188476,0.00018216381583000002,0.0423,0.0012999999523162842,45.028077895296,43.811774935416004,20.5,17.100000381469727,3.771486819567541,-1.753682258821162,4.159268332439539,0.9759305715560912
191124035,0.10153368505558999,0.0008344335614,0.09500759668369999,0.00147807633619,0.1108,0.003900000095367432,43.892689326084,43.877470338395995,24.29999923706055,17.600000381469727,0.43072470792235856,-32.03415955904268,32.03705506219965,0.12851636111736298
191124035,0.05605947507398,0.00021980753484,0.05400776671174,0.00038556685575000005,0.049100000000000005,0.0015,44.80092898398,43.416444277908,18.700000762939453,14.800000190734865,-0.9298823067779691,5.937961771751282,6.010330294360644,0.9056013822555542
191124035,0.00578313792393,0.00010509567956999999,0.005566537470550001,0.00018451198792999998,0.0088,0.0008999999761581422,45.60560495773201,42.884217234756,37.599998474121094,33.5,-1.0709643502757895,-6.721127987420164,6.805918351072049,0.9472861289978028
191124035,0.00526245636009,0.00012488656926,0.0051311012879099996,0.00021815964805,0.0039,0.0004000000059604645,44.875862027459995,44.301939842772,42.099998474121094,39.79999923706055,-2.3738055482940017,-13.618910112773689,13.824240881956403,0.7458787560462952
191124035,0.01770400524518,0.00013655220993,0.01768498876819,0.00023674507025,0.0143,0.001,46.259640793152,43.578013778423994,25.79999923706055,27.399999618530273,-4.185123313344047,6.860390281272697,8.036179982310523,0.8553503751754761
191124035,0.10493300057139,0.0007233412851000001,0.10158550254138,0.00126738403693,0.0962,0.002900000095367432,45.661317862859995,43.58196410328,17.299999237060547,16.899999618530273,-4.840160597608135,-29.55575234781051,29.949441968789248,0.171601802110672
191124035,0.0057054308366,0.00015908262484,0.00564986955246,0.00027675198117,0.0034,0.0004000000059604645,46.644600272868004,43.35630289955999,45.20000076293945,42.900001525878906,-7.4140658884806365,-16.76071244518041,18.3272861910093,0.5556485056877136
191124035,0.00740070117359,0.00010716088894,0.00751230776951,0.00018485049822,0.0068,0.0005,46.947739577544006,43.730310058668,36.70000076293945,29.899999618530273,-9.53178857941535,2.4497558960870824,9.841558926011595,0.8123199343681335
191124035,0.02248614144448,0.00014462442686000003,0.02207592847281,0.00025205297581,0.0187,0.000699999988079071,44.585065896732,44.301178369511995,28.399999618530273,24.899999618530273,-10.831641135174324,13.023382653085827,16.939078609685076,0.5518671274185181
191124035,0.013286963419559998,0.00027575121482,0.01270668122291,0.00048547499462,0.0094,0.0005,45.453284939519996,42.041922038352006,26.79999923706055,24.899999618530273,-15.100979759937722,26.94861781707177,30.891146318786284,0.15357056260108948
191124035,0.03699654409794,0.00023133341589,0.03474575059576,0.00040931083202999993,0.0368,0.0012000000476837158,44.219473375679996,43.3449014661,19.100000381469727,18.100000381469727,-16.461338355643868,-15.410374951729336,22.548913533926438,0.3712462782859802
191124035,0.017212258836930002,0.00020280306836,0.016510431530620002,0.0003562379206,0.0147,0.0006000000238418579,44.345718376056006,43.571533722624,23.70000076293945,20.399999618530273,-18.7197192586203,10.672652033270236,21.548370349238052,0.3863711059093475
191124035,0.0033768914471799995,0.00026658077057,0.00169623326739,0.0006025238410700001,0.0047,0.0004000000059604645,35.479061665848,28.928807085564003,39.0,35.79999923706055,-23.554729703006863,-17.776021686928594,29.50944414055528,0.15936294198036194
191124035,0.021206273592990002,0.00028410482481,0.020711386897770002,0.00049611238891,0.0186,0.000699999988079071,44.964056860128004,43.638433979508,22.70000076293945,18.399999618530273,-23.98824637642167,16.028496022773098,28.850380918882603,0.17793305218219754
191124035,0.020774967105919997,0.00025527176219000003,0.02070797637744,0.0004427504352799999,0.018000000000000002,0.000699999988079071,45.605472171948,44.231758331652,23.79999923706055,18.700000762939453,-24.138361482507985,1.311829414736988,24.173981120042384,0.30731141567230225
191124035,0.17362511839793002,0.00075194938032,0.17663080018654997,0.00129536333691,0.1565,0.0046999998092651365,46.181385023436,44.80089233155201,18.200000762939453,17.5,-25.246283039753564,-8.458526916765859,26.625555368847152,0.2384277880191803
200313027,0.00839922900609,0.00024586380263,0.0086469875525,0.00042192972557,0.0083,0.0005,46.601281692540006,44.367808077936,35.400001525878906,31.0,19.310810645170513,20.156078688992235,27.91362826222362,0.15264025330543518
200313027,0.007983147232010001,0.00014770144244,0.00797738874403,0.00025595000185,0.0063,0.0005,45.913579371792004,44.104515869916,41.599998474121094,30.60000038146973,16.918799121116738,-1.6445445278837516,16.998537247934046,0.559308648109436
200313027,0.0086470887895,0.00010416643962999998,0.00880994609192,0.00017930714240999997,0.0076,0.0005,45.695181848184006,45.23198589266401,37.0,27.399999618530273,11.464351522895827,-4.339064066705168,12.258008117991672,0.7681751847267151
200313027,0.011971635632670001,0.00035986414854,0.013089291167040001,0.00060577384067,0.011000000000000001,0.0005,49.30042656945599,45.52128214675201,25.70000076293945,22.60000038146973,4.408130484828063,-32.03661106562815,32.33845235048664,0.1215532124042511
200313027,0.01397320328259,0.00013112491891,0.01424695993733,0.00022567136135,0.0139,0.0006000000238418579,45.603089659116,44.957686879224006,29.5,24.5,3.596809804851065,16.995112234654833,17.371550743875943,0.5309562683105469
200313027,0.020515914552009996,0.00012907515393000002,0.021071607554139997,0.00022159608677,0.0177,0.000699999988079071,46.217572869384,45.325281941532005,22.399999618530273,18.600000381469727,2.73485677006941,-17.14789890797776,17.364613916757186,0.6213434338569641
200313027,0.01717857125347,0.00015191165296000002,0.017287494727799998,0.00026261942437000004,0.0146,0.0006000000238418579,46.19392583364,44.48193830262,20.899999618530273,19.899999618530273,2.0372039358183427,-19.714448478298454,19.819425652220787,0.5237447023391724
200313027,0.01620358152292,0.00010227977972,0.01656070372972,0.00017589389341999997,0.0141,0.0006000000238418579,46.322641065456,44.92261605373201,25.5,20.399999618530273,-0.6187344860390271,-13.035990000118456,13.05066533983752,0.7767031788825989
200313027,0.00989883668285,8.867166347e-05,0.01004383148343,0.00015290064457,0.0085,0.0005,46.342988204148,44.17035296742001,39.70000076293945,34.900001525878906,-2.9114373514943748,9.038074156763004,9.49543218526841,0.8120697736740112
200313027,0.01742511781055,0.00016131473431999998,0.021578479480060003,0.00026089387787,0.025,0.0012000000476837158,50.858913069576005,48.984021639072,27.20000076293945,22.899999618530273,-5.520153133663326,15.84224371624124,16.776428728288515,0.5618164539337158
200313027,0.00423454614118,0.00015495260122999998,0.00460878337976,0.00026149911173,0.0052,0.0005,49.384187183052,44.300802724343995,48.70000076293945,34.700000762939446,-8.428879383198018,17.912328917977298,19.79638583111855,0.4554820358753204
200313027,0.00598556533058,0.00014651011958000001,0.008562039565229999,0.00022931713001,0.0077,0.0008999999761581422,63.219561343487996,45.51851739726,40.29999923706055,30.10000038146973,-11.759811716263835,15.984541304770724,19.844337623059594,0.4497597217559815
200313027,0.07504086466259,0.00029678400987,0.08185840405013001,0.0004996712463999999,0.0705,0.002200000047683716,48.267218402424,46.133767539108,17.399999618530273,16.799999237060547,-24.666021491387514,-18.963898342770268,31.11327506265427,0.12478289753198625
200313027,0.007070858811229999,0.00020085376634,0.00689841743204,0.00035099447443999996,0.0068,0.0005,46.07316097578,42.930618918084,35.599998474121094,29.399999618530273,-24.971866112375377,-2.771729932504193,25.125215398638943,0.2815786600112915
200313027,0.01320001156124,0.00024230843806999998,0.013764507703479999,0.00041406164726999993,0.0122,0.0005,47.190268335636,44.804941569432,26.10000038146973,21.299999237060547,-30.64830506056709,-2.8626109858729167,30.78169793296958,0.14646989107131958
200101041,0.02747564348778,0.00029947773311,0.02800967265536,0.00051557890231,0.0221,0.0008000000119209289,46.593749807208006,44.207980517159996,21.100000381469727,17.299999237060547,22.604086423024487,7.5853672994538295,23.842854084331595,0.26275289058685297
200101041,0.01571337151752,0.00042461617042,0.015438651004549999,0.0007398112863999999,0.01,0.0005,44.787894185736,44.64022241408399,33.400001525878906,24.0,22.661314017897066,-16.357628025978848,27.948224845441644,0.2088194638490677
200101041,0.36255297480204,0.0006755689306699999,0.36955685486587003,0.00116287095167,0.3129,0.009399999618530271,46.356498797724,44.784792611099995,17.5,15.899999618530273,19.098731663816377,-19.385424792123967,27.21309205630268,0.2370533049106598
200101041,0.0296776974098,0.00031127608256,0.02956746002347,0.00054006703463,0.0284,0.0008999999761581422,46.154822288831994,43.427038938408,21.5,16.200000762939453,17.799536416190413,22.36021438827972,28.579681877743898,0.1452287882566452
200101041,0.01354697103237,0.0001917198722,0.013487570547709998,0.00033260517027999993,0.0107,0.0005,45.640684754244006,44.105213264076006,24.70000076293945,23.0,15.312649736228593,5.327240833615517,16.212851357968788,0.5586490035057068
200101041,0.04220638492808,0.0001733533623,0.04270754663617,0.00029908477144,0.0372,0.0012000000476837158,45.577325810808,44.942810711759996,15.800000190734865,15.399999618530273,14.339658262473268,1.1455706153968048,14.385344052478723,0.6489982008934021
200101041,0.00582156652,0.00026324815353,0.006773464431189999,0.00043438201523,0.0046,0.0004000000059604645,50.404062156624,46.93503856644,45.29999923706055,36.900001525878906,14.632481368247065,-13.686082635873962,20.03539961524055,0.4955725073814392
200101041,0.023430779643839997,0.00015295660066999998,0.02368358437862,0.00026399457738,0.0198,0.000699999988079071,45.694041423516,44.842735588356,20.0,17.899999618530273,11.950783847844491,-3.6193154232707427,12.486818087177546,0.7529236078262329
200101041,0.01624775960051,0.00011311820107,0.016557581215950003,0.00019470112559999997,0.0109,0.0005,45.5205010959,45.27502168485601,23.79999923706055,22.79999923706055,1.4981442262112932,4.411710182821229,4.659143872818163,0.9357763528823853
200101041,0.00557624829626,0.00024718004981000004,0.00584337946415,0.00042209592347000006,0.004200000000000001,0.0004000000059604645,48.087073128023995,43.819227673487994,40.900001525878906,38.79999923706055,0.3614837753658828,24.151041482512326,24.153746563632087,0.3187617361545563
200101041,0.0094110354829,0.00012031834015,0.01068331898457,0.00020039828777999999,0.0077,0.0005,50.966873345088,45.001093273487996,48.79999923706055,27.899999618530273,-0.0890197285509423,7.715224878718987,7.715738424024482,0.8625562787055969
200101041,0.00481569390211,0.00011783271273,0.00473299992059,0.00020529419475,0.004200000000000001,0.0004000000059604645,45.179475939288,44.144852657184,39.79999923706055,38.400001525878906,-0.42855981123578896,-7.170571074034451,7.183366395585969,0.94143408536911
200101041,0.011342725480469999,0.00022551077232,0.011603512805989999,0.00038782666849000003,0.0112,0.0005,46.683918037692,44.091355942368004,27.399999618530273,22.60000038146973,-2.5524610064085684,21.89427468956554,22.042555053451448,0.3846288621425629
200101041,0.01041174753417,0.00012428923487,0.01067971295406,0.00021347390372,0.005900000000000001,0.0004000000059604645,45.965471283036,45.30418531992001,32.200000762939446,31.5,-1.4234024760896271,-8.648268902361236,8.76462351401268,0.9037036299705504
200101041,0.08111781833493,0.00011889738124,0.08251768903419,0.00020476948921,0.07579999999999999,0.002299999952316284,45.517805262504,45.203783327172005,19.600000381469727,15.899999618530273,-2.5720757310039093,3.917663353658971,4.6865399661946565,0.9374412894248962
200101041,0.0531509974086,0.00011882498456999999,0.053937104465009995,0.00020481258331999999,0.0501,0.0016000000238418578,45.575661312324,45.02332388232001,19.600000381469727,16.299999237060547,-4.100522076648037,4.9502539443149765,6.428007762342451,0.8992018699645996
200101041,0.02595181617942,0.00030113233708,0.02612636913052,0.00052045497104,0.0229,0.0011000000238418578,45.978507071711995,44.64583590294001,18.799999237060547,17.399999618530273,-9.892422441889376,-23.306200328150798,25.318718297563265,0.2910730242729187
200101041,0.03131662043684,0.00016200191471000001,0.031907293946599996,0.00027887442137,0.0264,0.0008999999761581422,46.009047629052,44.97357286386,20.399999618530273,17.200000762939453,-12.04629135522758,-9.811256235265596,15.536199353024365,0.6402875185012817
200101041,0.44092409576308006,0.00032838408751999996,0.44628728890135,0.00056650527897,0.4048,0.012199999809265135,45.577958964336005,44.864575931412,15.699999809265135,14.600000381469727,-18.12193037635818,8.040524023374099,19.825584185535632,0.4477407038211823
200101041,0.16913550883616,0.00045055144469,0.17097389858787,0.0007776230515,0.1544,0.0046999998092651365,45.69878042892,44.5205995767,17.799999237060547,16.600000381469727,-18.175791798850568,20.984440388317854,27.761520902230806,0.2100076526403427
200101041,0.05089982512412,0.00046792305316000003,0.05322257314012,0.00079923901746,0.0484,0.0018999999761581423,47.629197718596004,44.241136180344,15.800000190734865,17.0,-22.459200495217576,16.740993135685674,28.012007259520697,0.19904956221580505
200101041,0.008944165361790001,0.00027049167348999997,0.0093150159874,0.00046240615374,0.0071,0.0005,47.115413654904,44.815995275832,35.79999923706055,28.60000038146973,-22.43331344619083,-3.9904957994225967,22.78546428903343,0.3542936742305756
200101041,0.014783439756330001,0.00051882580217,0.01966124565928,0.0008289039879,0.0211,0.001399999976158142,59.94501456348001,44.678091084947994,29.399999618530273,20.799999237060547,-25.66401850475728,19.236215576681033,32.07283837339976,0.11665713042020798
200101041,0.1061034766353,0.0005023942272499999,0.10715934340788001,0.00086734103654,0.1067,0.003200000047683716,45.765172809468005,44.745813458495995,16.799999237060547,15.199999809265135,-28.036648662579733,-4.2626289417730385,28.35883056257904,0.19629663228988647
190822047,0.01767045312347,0.00046494873435,0.01940737401804,0.00078101669775,0.0155,0.0006000000238418579,47.642593716107996,46.32566928847201,22.100000381469727,19.600000381469727,17.806743458431047,22.278634214626756,28.52039999939186,0.14516820013523102
190822047,0.01394831791113,0.00045705722802,0.01536670430403,0.00076865018088,0.0112,0.0005,49.800606996672,44.384502133367995,32.799999237060554,23.29999923706055,14.402999952102707,26.77203492544519,30.400395851458754,0.12607528269290924
190822047,0.015011298253459997,0.00020154047078,0.01534368488838,0.00034656875486000003,0.0101,0.0005,46.075840171703994,45.03757780368,32.799999237060554,26.60000038146973,10.536560298670674,-7.299611747213043,12.818083621846553,0.7637153863906859
190822047,0.014020512394450001,0.00033962479116000005,0.014790421637850002,0.00057811824718,0.0118,0.0005,47.238172207344,45.564596439552005,24.10000038146973,22.0,10.003639898419042,-21.46451907440965,23.681154741092747,0.3730178475379944
190822047,0.004311729547699999,0.00044229098108,0.00422085012402,0.0007766766764400001,0.0044,0.0005,49.43321909172001,40.563214203852,49.5,38.20000076293945,6.899622993354039,-32.33840831385712,33.06623724507802,0.10574804246425627
190822047,0.004230702855050001,0.00018834810297,0.00458965951448,0.00031766259121,0.004,0.0004000000059604645,47.72578356723601,46.216590571800005,43.400001525878906,40.20000076293945,4.676824354196786,-11.53402551263878,12.446137894711315,0.8028000593185425
190822047,0.016754334423959998,0.00021234845723,0.0174769252533,0.00036282232411,0.0155,0.0006000000238418579,46.867576825044004,44.886935890080004,20.0,19.799999237060547,3.2510184610708515,11.725206858256884,12.167561625873574,0.7168893814086914
190822047,0.08719379403608,0.00020690995134000002,0.09463226068166,0.00034910376513,0.0859,0.0030999999046325685,48.533985938196004,45.502094645712006,18.700000762939453,16.0,2.8513595330768893,-13.776351467404936,14.068335630729097,0.7465440630912781
190822047,0.005053953129069999,0.00014467183491999997,0.00479594995467,0.00025505718983,0.004900000000000001,0.0004000000059604645,44.476316904491995,43.343225509572,38.099998474121094,35.5,1.4808419385301392,-9.0876274947282,9.207489409272362,0.8977482914924622
190822047,0.010991611360500001,0.00045307696979,0.00924869716207,0.0008331770010599999,0.0108,0.0005,42.6303013923,40.425798752568,26.10000038146973,23.0,-0.17342754641937394,-32.10061597548481,32.10108444033071,0.12536413967609406
190822047,0.027189791024429998,0.00039065589274,0.029768045186049998,0.0006568139451300001,0.025,0.0008999999761581422,47.220533584559995,46.713093187464,23.899999618530273,16.799999237060547,-0.9870975606909638,14.582899088275681,14.616268387271829,0.6364418268203735
190822047,0.01843501729855,0.00039161119504000004,0.0206491508313,0.00065479454078,0.0183,0.000699999988079071,50.222167549452,44.947467183780006,24.60000038146973,18.600000381469727,-0.5565330987109538,13.827755933016418,13.838950883742676,0.6649948954582214
190822047,0.00442942268134,0.00018549598833,0.00484440228195,0.00031210723873,0.0036,0.0004000000059604645,48.196162572156,45.800230528296005,48.0,43.20000076293945,-1.1201939600644824,9.528424491797157,9.594045267283162,0.8066200613975525
190822047,0.05230791874295,0.00037800012344,0.0575262271848,0.00063476355756,0.0492,0.0015,47.882518983359994,46.241527826016,19.399999618530273,19.0,-1.8138100620338349,16.675139152194603,16.773495368709995,0.561691164970398
190822047,0.01431168494515,0.00042495657219,0.013355297151929998,0.0007535014279,0.0146,0.0006000000238418579,44.077290213383996,43.304008712400005,25.0,20.100000381469727,-2.1633211200899534,-28.444328343633998,28.526473080111078,0.2104935646057129
190822047,0.0116150938919,0.00042799043120999994,0.012419554817610002,0.00072516008088,0.0102,0.0005,47.022157541448,46.475727957180005,34.900001525878906,25.70000076293945,-6.380486249053867,-26.274592930621022,27.038196051842927,0.24611230194568634
190822047,0.00886422903207,0.00016904218259999998,0.01061088064047,0.00027700666999,0.0092,0.0005,52.884025776396,45.864536091156005,37.099998474121094,28.10000038146973,-7.315673536145967,-1.7451092663470735,7.520936181210505,0.8938227891921997
190822047,0.12885050286846,0.0011291404723,0.12851062464167,0.0019576716711800003,0.1277,0.003900000095367432,45.729313379892,44.413583660532005,19.700000762939453,16.799999237060547,-8.263416217944295,-15.927900499377039,17.94384499745207,0.5670574903488159
190822047,0.0046919912851,0.00029036693918,0.00487190496913,0.00049703417314,0.0043,0.0004000000059604645,47.110121765172,44.41553742254401,39.79999923706055,37.900001525878906,-14.63261899201386,14.07450966835922,20.30281174278856,0.4297826588153839
190822047,0.00612922500047,0.00026457952663,0.00676769604929,0.00044374200764999994,0.0038,0.0004000000059604645,48.3999829281,46.036895238612004,44.20000076293945,41.70000076293945,-16.268200151893076,10.021190360811143,19.107010304995967,0.4705321192741394
190822047,0.00783171939806,0.0005097937471299999,0.00898653748893,0.0008461244261300001,0.0068,0.0005,51.330388240763995,44.953348862016,36.599998474121094,29.399999618530273,-18.823147767134625,20.15330806453265,27.576487428452744,0.2121893018484116
190822047,0.12959377750771,0.00136114500594,0.12737865023191,0.00237130544126,0.1258,0.0045,44.845893813096,44.14065898071601,14.199999809265135,17.700000762939453,-21.635923977621253,15.935744489986892,26.871133319151607,0.2266367673873901
190822047,0.005499154466359999,0.00050297863205,0.00522701946962,0.0008901019589600001,0.006,0.0004000000059604645,47.08644398172,40.61067850206,33.400001525878906,31.399999618530273,-26.56999188536873,19.027462732845,32.68029372245095,0.10559814423322678
190822047,0.010902268673989999,0.00053191439305,0.009773567278120001,0.0009582598864400001,0.0113,0.0005,44.942826238668005,40.19103589042801,30.79999923706055,26.5,-27.53014555767928,14.63612097389518,31.178844947418547,0.13187585771083832
190822047,0.00654941313492,0.00037321164014999993,0.006854730243609999,0.00063726595302,0.006999999999999999,0.0005,47.714421150972,44.322589797119996,30.70000076293945,28.60000038146973,-29.419223134508773,6.460801275894292,30.12028592125514,0.15658751130104065
191221041,0.00902649925076,0.00026549458821,0.00884643918048,0.00046318763420999994,0.0068,0.0005,45.783075210732,43.171674262092,34.400001525878906,29.29999923706055,18.410864136736333,19.779749243376752,27.022114239125123,0.17658096551895142
191221041,0.008028532088150001,0.00028337150114999995,0.00767776131959,0.0004990864181499999,0.0075,0.0005,46.14874045776,41.747347741536004,29.29999923706055,26.899999618530273,17.777158597274862,25.059856316340323,30.72487865911136,0.1073782667517662
191221041,0.0075800928978800005,0.00020308581793,0.00726819091014,0.0003569449372799999,0.0068,0.0005,45.451622180087995,42.843187123128,42.400001525878906,28.899999618530273,17.448053237329113,-13.730807469920292,22.2028830707884,0.4046428203582764
191221041,0.00472788017426,0.0002672487562,0.00504387325659,0.00045316531123,0.0038,0.0004000000059604645,47.113033864644,46.097595227592,41.20000076293945,39.599998474121094,16.12120988809535,-25.098326300659213,29.829763219525727,0.1689959168434143
191221041,0.00827776722758,0.00023955291955,0.00893498991345,0.00040523533379,0.0083,0.0005,49.154757175620006,44.26316397432,42.79999923706055,26.10000038146973,5.563593272426057,22.26977530684534,22.9542159380698,0.3407010138034821
191221041,0.011361093386889998,0.00031183511524,0.01198328696744,0.00053076714166,0.0097,0.0005,46.664063204183996,45.4721638446,27.20000076293945,23.60000038146973,5.5425340904815945,31.888746218486556,32.36681847867088,0.1296517550945282
191221041,0.02533886809574,0.00016699614707000002,0.025383150495779997,0.00028913278014,0.0228,0.0008000000119209289,45.73954502870401,44.179094930868,19.200000762939453,16.899999618530273,1.7644705105120284,18.66242081672416,18.745646863707112,0.487253725528717
191221041,0.00805443872594,0.00010519237217,0.00864180652743,0.00017810404345,0.0068,0.0004000000059604645,47.798481459096,45.344677537044,30.70000076293945,28.60000038146973,-0.6009686563967929,11.699406372519968,11.714831257897547,0.7385137677192688
191221041,0.01196321014118,0.00028528835368,0.01197650081,0.00049459158908,0.0103,0.0005,46.905089552928,42.975369804924,24.70000076293945,23.0,-8.368468114236656,27.62157454296401,28.86141250496644,0.20616893470287326
191221041,0.01701969968777,0.00013460133509,0.01733327824077,0.00023175518943,0.0144,0.0006000000238418579,46.03348269144,44.903494739159996,21.5,19.799999237060547,-8.621712021328571,-11.007918979567446,13.982415541806526,0.7120410799980164
191221041,0.054446102744190004,0.00025828775157,0.05580912105816,0.00044379306303,0.0478,0.0015,46.544504530607995,44.831223246672,14.800000190734865,14.699999809265135,-9.391053309178762,-25.020520395665702,26.724834253765877,0.247686967253685
191221041,0.01279647397347,0.00015721950002000001,0.01477121812904,0.00026017577303,0.0126,0.0006000000238418579,50.55896518632,46.09672093998,32.5,21.200000762939453,-10.208851910202982,14.275605016395366,17.55029791321672,0.5315390825271606
191221041,0.009504820071,0.00029469389141,0.01017768112523,0.00049949253371,0.0079,0.0005,48.229065063755996,44.717159237796004,27.0,26.20000076293945,-11.267027033042185,26.27391494272213,28.58779517293177,0.20676128566265106
191221041,0.013141621534280001,0.00013676254247999998,0.01324810095887,0.00023627950835,0.0131,0.0006000000238418579,45.899800588764,44.541635984568,20.899999618530273,20.5,-11.702470963246641,-7.095444540807455,13.685502015283218,0.7039114832878113
191221041,0.00856272978163,0.00013652549455,0.00856879499569,0.00023642934557,0.0075,0.0005,45.443445746364,44.670425232564,28.20000076293945,26.899999618530273,-12.211887304665849,-8.339390403262017,14.787674979964235,0.6641938090324402
191221041,0.04822602118781,0.00021635451634,0.0494081368264,0.00037176759554,0.0563,0.0020999999046325685,46.28941517847601,45.01183788014399,14.800000190734865,18.5,-16.514100009923098,-20.447880412497767,26.28360889091965,0.24739433825016025
191221041,0.04370083652723,0.00021492611397999997,0.04358105222089,0.00037263369303,0.0415,0.0012999999523162842,45.55644655878,44.519760370152,21.700000762939453,15.0,-14.533194745581785,-20.442112360914198,25.08169088843368,0.28870636224746704
191221041,0.00730369688907,0.00034507873417000004,0.00789889998428,0.00058284306143,0.0047,0.0004000000059604645,48.321321730811995,45.05226285535201,45.20000076293945,35.400001525878906,-14.625874753867564,28.99628760509498,32.476080955465086,0.1312451958656311
191221041,0.08859692341383,0.00014430480227000002,0.08951920907050001,0.00024908677904,0.08109999999999999,0.0025,45.410357143728,45.103594552668,17.299999237060547,17.299999237060547,-15.560751796766901,-4.8328262604615135,16.293957365590483,0.5939251780509949
191221041,0.0061973720823,0.00020650058258,0.006428430524649999,0.00035344236716,0.0058,0.0004000000059604645,46.622267302104,44.91443290910399,42.29999923706055,31.399999618530273,-15.56410684355124,15.015041724486935,21.626173018479594,0.3863682150840759
191221041,0.01108202395106,0.00023787716902,0.014769080055459998,0.00037687212966,0.0123,0.0008999999761581422,55.312543126764005,48.778037973108,30.79999923706055,32.09999847412109,-22.55013637512073,1.343805490946954,22.59014027919607,0.3575417697429657
191221041,0.0071607433158999995,0.00033304205567999997,0.00772954988202,0.00056348598485,0.0076,0.0005,49.089109722156,44.377554089412,39.70000076293945,27.899999618530273,-25.73010739807947,16.509552785627967,30.57120655548286,0.14336566627025604
191221041,0.0083744441443,0.00031227617002999996,0.00934739259958,0.00052188596039,0.0077,0.0005,48.472488460368005,46.55185669893601,40.900001525878906,27.0,-30.29702102812073,8.343797392168478,31.424936525952422,0.13190418481826782
200124041,0.011323911114809999,0.00021645114850000002,0.01165213973336,0.00037139386682,0.009000000000000001,0.0005,45.952053122196,45.304893818459995,31.899999618530273,25.10000038146973,24.085840912475124,3.1004604611206252,24.28457185620817,0.2620714008808136
200124041,0.00629456267204,0.00019443570735000002,0.00655469974209,0.00033230189285,0.0061,0.0004000000059604645,46.191711602052,45.492844887215995,31.29999923706055,30.70000076293945,14.940681516275925,11.905494932676316,19.104027882785466,0.43233174085617065
200124041,0.023996155312650005,0.00027270243647000005,0.02461864420805,0.00046843697956999996,0.0234,0.0011000000238418578,46.248600139703996,44.53883622108,20.5,23.399999618530273,11.88697902422433,29.456682591171926,31.76464955649775,0.11471562087535858
200124041,0.04739440750926,0.00013436366366999998,0.04876644607707,0.00023054899086000002,0.0479,0.0017999999523162845,46.073315124684,45.177346218708,23.399999618530273,20.0,10.011610651688175,3.5420663617259707,10.619724407091695,0.7792571783065796
200124041,0.00633985963108,0.00018338693923,0.00714273332276,0.00030639963268,0.008,0.001,51.280525226232,44.247985402859996,45.79999923706055,30.20000076293945,7.810709470764181,18.653207566032023,20.222480961131907,0.41767191886901855
200124041,0.00524466816324,0.00019246621413,0.0056607597038900006,0.00032517101852,0.0124,0.0006000000238418579,48.055215709476,45.822478875804,29.70000076293945,25.70000076293945,7.513056966479364,-25.130794167927032,26.229789076556763,0.28571724891662603
200124041,0.01021774282463,0.00015707756468,0.01010626524131,0.00027306866722,0.0074,0.0005,44.900101415844,44.35842754584001,28.60000038146973,27.60000038146973,3.686439928212332,19.228272150081246,19.57846131603141,0.452827900648117
200124041,0.0023840954909,8.184529708e-05,0.0024421679639899997,0.00014085929091,0.0032,0.0004000000059604645,47.946520028736,43.322706173376,48.599998474121094,46.099998474121094,-0.7953643536887138,-4.656810209602219,4.7242444259839145,0.979638695716858
200124041,0.01330978506489,0.00025629746941,0.01394832680918,0.00043726769344,0.0118,0.0006000000238418579,47.242485330408,44.497774595232,30.70000076293945,27.79999923706055,0.3168351871972277,32.440013765666556,32.44156091609718,0.13980624079704285
200124041,0.00980783751748,0.0001838574042,0.014142594086450001,0.00028793844592,0.0139,0.0011000000238418578,65.566608496668,44.859127289508,49.20000076293945,33.200000762939446,-0.0212996704510242,-24.479823342304858,24.479832608470662,0.34303826093673706
200124041,0.01020531037342,0.000103939341,0.010188089015209999,0.00018018810334,0.0085,0.0005,46.119434611644,44.012575368936005,37.599998474121094,25.899999618530273,-5.863714342086539,-13.767846394786606,14.964509895386168,0.6893706917762756
200124041,0.00956093620029,9.863631566e-05,0.009675685415530001,0.00017018246149000003,0.01,0.0005,45.799538023943995,44.657753093748,32.5,24.0,-9.600642416695266,6.684786890226795,11.698657803675616,0.7426677942276001
200124041,0.07408877041633001,0.00037134177501,0.07398881763636,0.00064355437747,0.06670000000000001,0.002,45.59812967678401,43.971560457299994,16.399999618530273,14.399999618530273,-10.450865426727995,29.396235111067423,31.19866286864822,0.15840071439743042
200124041,0.00916940731835,0.00019794691257,0.00947146845784,0.00033920722611999996,0.0076,0.0005,46.463987578032,45.304126692264006,30.29999923706055,27.20000076293945,-12.894759562668495,-21.392140244426333,24.977917091494998,0.2954041957855225
200124041,0.00851763564454,0.00014778514332,0.00853563297211,0.00025589462419,0.0091,0.0005,46.285047022176,43.916834619,27.5,24.79999923706055,-19.050187140578625,-5.612811679447577,19.859832893768157,0.4587734937667847
200124041,0.006017883110220001,0.00014998964794999997,0.00643995281237,0.0002542997087,0.0051,0.0004000000059604645,48.583313564183996,44.675118189684,36.5,34.400001525878906,-20.11394076906721,-5.283998476163191,20.796416387282655,0.4240050911903381
200124041,0.04724243704737,0.00019299064433,0.04877274174233,0.00033088496635,0.045,0.0017000000476837158,46.908966372875994,44.40396018088801,17.899999618530273,17.0,-19.36544948857326,12.594953343019126,23.100904866503658,0.3346312940120697
200124041,0.01479109547259,0.00017901356151,0.01491730028185,0.00030927648126999997,0.0189,0.001,46.38994734200401,44.1823782429,28.70000076293945,26.29999923706055,-20.55159705317559,-12.077468268434545,23.837609853107203,0.32069382071495056
200124041,0.00855193630157,0.00022010783675999998,0.01013091442122,0.00036144627369,0.0113,0.001,51.836884428024,46.18455225498,35.0,36.20000076293945,-24.40818125606343,6.946637798707616,25.377436396580638,0.2690708637237549
191012042,0.00940223683882,0.00014170032457,0.00972506468587,0.00024282229471000002,0.0079,0.0004000000059604645,47.026122390576,44.337551688359994,27.29999923706055,25.70000076293945,14.996139324357976,11.052214391514127,18.628871753060892,0.4528482854366303
191012042,0.01567909864441,0.00012546703766,0.01573612572627,0.00021705882191,0.016800000000000002,0.0006000000238418579,45.129878737344,44.75510574012,23.0,18.5,4.433310248454611,15.005703406450506,15.646892651792,0.5905517935752869
191012042,0.00583652007569,8.983996881999999e-05,0.00585732538025,0.00015543915413,0.005900000000000001,0.0004000000059604645,45.635754482892,44.560141246728,36.400001525878906,30.5,-4.033276949758544,-1.5525500921898543,4.321774362025618,0.9643166661262512
191012042,0.03998127093946,0.00015205709462,0.040200266637889996,0.00026290266265,0.0324,0.001,45.5889677751,44.970963917184,16.100000381469727,15.5,-6.8981113647927925,-16.419249634949935,17.809417091829282,0.5778451561927795
191012042,0.00699426177836,0.00018179821768999997,0.00788723788557,0.00030375713899,0.0072,0.0005,51.964325208036,44.2848726972,49.0,39.79999923706055,-7.111009944900161,-18.43039320986645,19.75462912434227,0.5019934177398682
191012042,0.025666245122169997,0.00033508680055000005,0.02814479325419,0.00056339844764,0.0269,0.0008999999761581422,48.288631864572004,45.428637351924,18.5,16.0,-7.37814338272613,29.716665473299265,30.618880625003058,0.17178255319595334
191012042,0.01562924786404,0.00026285714655,0.01893216524162,0.0004306398416,0.0165,0.001,55.30793882148001,44.787907767204,36.70000076293945,19.799999237060547,-11.329730138851373,-23.359446905872513,25.96198315185518,0.2690581083297729
191012042,0.0055840877671000004,0.00021114954571000002,0.005670699789239999,0.00036421995514,0.0053,0.0004000000059604645,47.501582271552,43.640346664944,49.5,36.5,-13.386472429864256,-19.09596895291286,23.32063102212119,0.3518736660480499
191012042,0.008509341222749999,0.00012744280362000002,0.00869604613576,0.00021915574308000002,0.0062,0.0004000000059604645,45.489617806572,45.328830684732,39.099998474121094,29.5,-14.140763395734206,8.699679200707964,16.602565487025814,0.5631222128868103
191012042,0.0069390653888400005,0.00018478746512999998,0.006667134568020001,0.00032445803131,0.0062,0.0004000000059604645,45.199147036356,43.27468691814,37.900001525878906,29.899999618530273,-17.199159762252965,-12.621100744682686,21.333118653536037,0.41307875514030457
191012042,0.00534488770609,0.0002657191809,0.00702996344405,0.00042481627292999995,0.0052,0.0004000000059604645,58.940458283772,45.483046141824,48.599998474121094,34.400001525878906,-21.79344814325321,-15.47429009653538,26.72835251513082,0.23277562856674194
191012042,0.0040249859522800005,0.00028436599745,0.00946173840736,0.00039716420556,0.0612,0.002200000047683716,102.67382877696,46.614594505104,40.79999923706055,18.799999237060547,-29.075687667186827,-12.716658467904887,31.73492019664775,0.11986581981182097
191012042,0.006185615402060001,0.00026134714009,0.006536617821749999,0.00044616088917,0.0054,0.0004000000059604645,49.720504957596,42.804558578952,35.09999847412109,31.79999923706055,-28.87175629281877,13.415533917285323,31.836309933841907,0.12017648667097093
191014041,0.008987730585299999,0.000227244738,0.00904311944598,0.00039284705868,0.0072,0.0005,45.750389764536,44.635042346328,33.400001525878906,27.79999923706055,20.8736864635791,-14.174129422655524,25.23121603204094,0.2900594174861908
191014041,0.01023630559195,0.00021336970203999998,0.010918782413889999,0.00036198587771,0.0086,0.0005,47.939252561604,45.126138240143995,39.099998474121094,25.60000038146973,19.822731590717694,-9.577004074088737,22.01496486998613,0.3935970366001129
191014041,0.042209079918629995,0.00023712261401,0.04278018013018,0.00040890886925,0.0384,0.0012000000476837158,45.835287158052,44.72072325327599,21.200000762939453,17.799999237060547,15.388338317223369,8.216801039766061,17.44466464425176,0.502632737159729
191014041,0.00992308139243,0.00029008478951999996,0.009781349767639998,0.00050494566494,0.008199999999999999,0.0005,45.39672176057999,43.859866794228,38.099998474121094,26.29999923706055,13.899871714655275,16.09938859947362,21.26958707903949,0.3582789003849029
191014041,0.05241871457327,0.00047993803252999997,0.053766943753779994,0.00082432007858,0.0543,0.002,45.703303248348,45.27279752194801,18.399999618530273,17.299999237060547,12.24213686231257,24.822369306320173,27.677018054307016,0.1892815977334976
191014041,0.01417605071182,0.00020061092555000002,0.01477224000098,0.00034285803551999995,0.012,0.0005,46.905207205572005,45.121437806508,21.899999618530273,21.399999618530273,13.086141712310615,-18.759037337989596,22.872404487632238,0.3962368369102478
191014041,0.15129574747632998,0.00019030827902,0.15324957336506,0.00032822044374999996,0.0877,0.002700000047683716,45.370174584348,45.212477515632,18.899999618530273,16.5,12.762469868758455,-0.4017363965662331,12.768791193446765,0.7219991087913513
191014041,0.00680846572762,0.00013787182487,0.00943771512249,0.00021788515105000003,0.0076,0.0005,62.385200524908,45.043376742179994,43.29999923706055,27.29999923706055,11.45704729242142,-6.846468806123309,13.346830868405418,0.7418571710586548
191014041,0.017422181177490004,0.00022210323512,0.01724897194079,0.00038598902608999995,0.0158,0.001,44.976983842980005,44.46989192754,26.899999618530273,25.5,10.112323747832669,15.264805121724491,18.310453159670924,0.476405531167984
191014041,0.022708912191429998,0.000115001815,0.023831768325160003,0.00019606648615999998,0.0225,0.0008000000119209289,46.8682491186,45.34674121609199,20.299999237060547,18.600000381469727,9.272753532648624,-0.5612544544901669,9.289723562947417,0.8453253507614136
191014041,0.04005485572649,0.00038298185100999995,0.04120184980422,0.00065738649347,0.0394,0.0016000000238418578,46.696797809208,44.419076618831994,18.200000762939453,21.0,7.539626146897782,27.19302871285273,28.218887068540006,0.19808635115623474
191014041,0.02557883314504,0.0001569717917,0.027802131208279998,0.00026469634202,0.0259,0.0012000000476837158,48.431450399328,45.353095242552,18.100000381469727,20.299999237060547,3.99128167454754,13.120740938452474,13.714375480761811,0.6608642935752869
191014041,0.03321773060661,0.00023447867263999997,0.03353364363692,0.00040501174614,0.0329,0.0011000000238418578,46.385512092684,44.249889959496,22.0,18.5,1.732040527340868,-25.584903422765056,25.6434629516472,0.3035368621349335
191014041,0.008201661164899999,0.00018947292013,0.00871518345683,0.00032182309751,0.0075,0.0005,47.728435747068005,45.2294402796,33.900001525878906,28.60000038146973,0.009218136138723444,-20.40439223633928,20.404394318563234,0.4954450726509094
191014041,0.014330306286410001,0.00028883647230999997,0.014743397716299999,0.00049564842973,0.0121,0.0006000000238418579,46.275478657992004,44.822152836396,35.599998474121094,26.0,-0.17225922001269786,28.580707800202603,28.58122689661479,0.2116050869226456
191014041,0.00875002373693,0.00013059320837000002,0.00942997635344,0.00022069642318999999,0.0073,0.0005,47.091434338764,46.446216343992006,43.20000076293945,27.899999618530273,-0.8695841881785922,-14.114461232449894,14.141223012656742,0.737355649471283
191014041,0.00622285485539,0.00010603039895,0.0064722063133699995,0.0001812767267,0.0062,0.0004000000059604645,45.974692796688004,45.784449494388,31.0,30.0,-5.2105092643868245,3.7031798757405583,6.392412493345599,0.9028469324111938
191014041,0.00961280294351,0.00018888450268,0.00942730114213,0.00032943010402,0.008400000000000001,0.0005,45.71415965541601,43.578044052840006,40.900001525878906,26.0,-6.426074728732816,-19.757021393530188,20.775800252332832,0.4642169773578644
191014041,0.018439391678560003,0.00020308396648,0.01887053792074,0.00034906510631999997,0.0158,0.0006000000238418579,45.534746473992,45.377012187396005,20.600000381469727,19.200000762939453,-9.832963449908936,19.02847972085935,21.41889874055066,0.4022142589092255
191014041,0.00694435593773,0.00012091685525,0.0071316533453,0.00020768423287999998,0.006,0.0004000000059604645,46.86632710081199,44.426938848839995,37.20000076293945,31.20000076293945,-10.118347700365758,-7.646859880139468,12.682872598738365,0.7468605637550354
191014041,0.04295570152206,0.00019875523172000002,0.044596244799330005,0.00034015846216000007,0.0428,0.0017000000476837158,47.17478612206801,44.63567101908,16.799999237060547,21.5,-11.585781068520367,-10.062530434391274,15.345502870864582,0.6492426991462708
191014041,0.00517723662234,0.00021986683261000003,0.00561946901894,0.0003710296591,0.0047,0.0004000000059604645,48.590599814388,45.09782106677999,39.099998474121094,35.900001525878906,-11.552766676965176,19.501262752128273,22.66636793122087,0.3588863909244537
191014041,0.02709391361185,0.00013940052832,0.027273469716449998,0.00024092989986000001,0.0254,0.0008999999761581422,45.556690495176,44.697151278936005,23.399999618530273,21.299999237060547,-12.672865947729655,6.849600998247523,14.405497306183731,0.646973192691803
191014041,0.08228988584153,0.00019475525793000002,0.08491000412788,0.0003338407582,0.0885,0.0030999999046325685,45.895092075,45.542103155819994,21.700000762939453,15.0,-13.933118034865355,-2.0195050536741492,14.078712885194836,0.6749792695045471
191014041,0.06591161174789001,0.00022113816187,0.08030888926261999,0.00035972125981999995,0.0732,0.003,51.86454084918,47.60431779736801,22.5,15.399999618530273,-14.35077696790995,-4.204167914726844,14.9539200468701,0.6449408531188965
191014041,0.00771788044137,0.00016651164718,0.00839325316574,0.00028062032827999995,0.008199999999999999,0.0005,47.805115335768,46.032353275716,40.0,34.5,-15.77969516524918,4.792675995010209,16.4914632880927,0.5722120404243469
191014041,0.007024172625109999,0.00026942142107,0.00691778217306,0.00046911171010999996,0.0045,0.0004000000059604645,45.39562062541199,43.849672922736005,47.20000076293945,36.5,-24.03447118411562,12.209690494531454,26.957928669754015,0.22535139322280884
191014041,0.01588087500527,0.00027966908293,0.01997719247005,0.00045153272546,0.016399999999999998,0.001,54.724873243788004,46.5381137835,29.399999618530273,23.0,-24.953560026307567,1.5522043785871482,25.00178901807505,0.2833797335624695
191014041,0.006617082925239999,0.00028103227967,0.00936402354246,0.0004406782689,0.0093,0.001,62.229721472928,46.025871157368,43.79999923706055,40.599998474121094,-24.51132714429625,3.421436298353997,24.748963338796774,0.2903761565685272
191014041,0.015563735927209998,0.00028554555625,0.01591329766694,0.00049100626829,0.013000000000000001,0.0006000000238418579,46.090620829764006,44.877646849392,22.200000762939453,20.700000762939453,-27.83762135640322,6.5859612848933695,28.606067551642283,0.18923580646514893
200201087,0.013130275619680002,0.00024989066068,0.014364089342799998,0.00042179896132999995,0.0116,0.0008999999761581422,50.859462499596006,43.604455762872,28.5,23.0,19.962218108463873,-5.1453024660387365,20.614654780496647,0.4291599988937378
200201087,0.00673628791886,0.00037419512941,0.0067591303195500005,0.00064766760751,0.0044,0.0004000000059604645,46.057451559012,43.90810366986,39.70000076293945,37.0,19.5642612213465,22.99459545694621,30.191158126207032,0.10888049751520157
200201087,0.02651118260081,0.00028184775701999996,0.02585041003356,0.00049243542778,0.0288,0.0008999999761581422,45.348445840607994,43.691218448292,18.399999618530273,16.0,17.598036407335343,-16.30791905044322,23.992431850548076,0.34455206990242004
200201087,0.00785468264816,0.00022508131237999998,0.00780919211595,0.0003906389935,0.006999999999999999,0.0005,45.424247185836,44.409541443011996,39.0,31.29999923706055,16.560280473934554,-9.409251659020716,19.04668531100923,0.5160208940505981
200201087,0.012943938192189999,0.00018294504118,0.013601001460469999,0.00031199232792999997,0.0107,0.0005,47.836125911555996,44.547843903803994,27.0,25.29999923706055,13.66224272243302,-7.164685803266567,15.426902755045695,0.6582221388816833
200201087,0.0024122576771999998,0.00029364861524,0.0023349496181,0.0005156633864999999,0.0033,0.0004000000059604645,47.223379722204,41.679248918724,46.20000076293945,44.29999923706055,12.121774342883391,-19.703130181906687,23.133290800541342,0.3898723423480988
200201087,0.20001129425264,0.00042843249893,0.19688981649504003,0.0007460352266900001,0.1803,0.006400000095367431,45.330808414787995,44.260773049332,14.300000190734865,17.600000381469727,10.534699514319435,-30.762577466999353,32.51635133297063,0.11331119388341905
200201087,0.04754051104645,0.00056365100041,0.046339100016839996,0.00098526904071,0.0423,0.0012999999523162842,45.688666684320005,42.95417821045201,17.799999237060547,16.100000381469727,5.0798671035448715,27.902680368467763,28.36131264355566,0.20337289571762085
200201087,0.02462967177953,0.00011302998505,0.02417017329317,0.00019704162127,0.028999999999999998,0.001,45.257851472508,43.874598295115995,20.100000381469727,16.0,1.7352552277092923,3.756051100111242,4.137514878978127,0.9466230273246764
200201087,0.004335076067939999,0.00025927192631999997,0.00384815166358,0.00046817126724,0.004200000000000001,0.0004000000059604645,43.976296696932,40.679233252776,49.29999923706055,38.0,-4.665950416374994,23.331515032108026,23.79349391557935,0.33454522490501404
200201087,0.55463915816497,0.00033605486844,0.57884329056873,0.00057393094169,0.556,0.016700000762939454,46.630007863848,45.512766036684,17.5,15.399999618530273,-6.43828768490846,-20.022463984703524,21.03212170986216,0.454460084438324
200201087,0.0046522850937600006,0.00025775475443,0.004567464423050001,0.00044925521116000004,0.0038,0.0004000000059604645,45.197583121224,43.785912452328,43.29999923706055,40.5,-11.058478356151449,22.127620591629423,24.73701371921109,0.3015170097351074
200201087,0.00950985707814,0.00026650892356,0.009707046537969999,0.00045848869763,0.0088,0.0005,45.97282555307999,45.088883357544006,35.70000076293945,25.10000038146973,-12.360318457199016,-13.542870382742903,18.33537619547672,0.5353466868400574
200201087,0.01201174573871,0.00015123123237,0.01178211390081,0.00026368049912,0.0106,0.0005,45.24279625116,43.87027527846,36.099998474121094,28.20000076293945,-14.688337382565123,3.635847515901227,15.13164108019865,0.6239343285560608
200201087,0.015318439453430002,0.00041012395247,0.01613955780819,0.00069824393352,0.0139,0.0006000000238418579,46.625023451951996,45.914325763968,22.70000076293945,20.200000762939453,-18.264677949671114,-16.02526621543289,24.298255112066123,0.3077082335948944
200201087,0.013681967535879998,0.00024941886072999997,0.01447373541593,0.00042423907868000004,0.0134,0.0006000000238418579,47.561687792496,45.0457887519,27.79999923706055,23.5,-20.72846879400907,-0.4735204407511117,20.733876565529645,0.4233020544052124
200201087,0.012410957181929999,0.00024876862976,0.012961464842089999,0.00042479346545,0.0112,0.0005,46.703352717072,45.29675197548001,32.5,24.29999923706055,-20.4474209245974,-1.4364644620738047,20.49781520761045,0.43196481466293335
200201087,0.09431052357273,0.00066690802564,0.11374911424971001,0.00108977098447,0.1141,0.004,53.03521309284,46.239203040552,23.5,19.399999618530273,-21.57353702377574,-19.241976853440427,28.907893602092127,0.17138716578483582
200201087,0.00784371861841,0.00039201378307,0.00823349519404,0.00066942513395,0.0088,0.0005,48.67158269142,43.797417194160005,28.899999618530273,25.10000038146973,-24.892224643760727,-13.438909483284831,28.28823040491561,0.19015172123909
191123047,0.01001721613939,0.00035015287124,0.00937390966806,0.00062052120146,0.0065,0.0005,44.384935459752,42.293721591756004,41.20000076293945,29.399999618530273,17.48090301228152,25.08724317390859,30.576891856467906,0.11003971099853516
191123047,0.00976337092063,0.00018391016578,0.00997739042963,0.00031632468786,0.0103,0.0005,46.358529002352,44.814345293484,27.899999618530273,22.899999618530273,14.3947866703057,-10.20632934998794,17.645918317689812,0.5818951725959778
191123047,0.031775792565319996,0.00021205269681,0.03723866227218,0.00034914359392,0.0378,0.0017000000476837158,50.902134156395995,46.862403768107995,26.20000076293945,17.700000762939453,14.169707832244635,-13.42272556934031,19.517918983436612,0.5169510841369629
191123047,0.01188043909258,0.0001501717336,0.011629272718219999,0.00026209149690000004,0.0106,0.0005,45.745641538056,43.573913327052004,31.899999618530273,22.70000076293945,4.773374844819134,-14.606913609413665,15.367071792713775,0.6997135877609253
191123047,0.00467679329307,0.00014687031206,0.00458780006333,0.00025603090588,0.0036,0.0004000000059604645,44.76807398808,44.12752801956,45.5,41.099998474121094,5.303865743895592,14.626067371212272,15.55804193468344,0.589946985244751
191123047,0.00491401477614,0.00028721334657,0.0029028612603099998,0.0006067064729,0.0065,0.0005,38.095672488012,31.788988960679998,48.29999923706055,29.70000076293945,3.5239644644615336,-31.96505258440474,32.15870884196551,0.1253918558359146
191123047,0.03014309910577,0.00014726273139,0.029756687465499997,0.0002562263089,0.0268,0.0008999999761581422,45.619439021675994,44.072025721128,20.100000381469727,16.200000762939453,0.5853275566540997,-14.964084834410329,14.975528074700494,0.7117804884910583
191123047,0.07249591114732001,0.00035713217129000006,0.07849288342618,0.0006042880751,0.07809999999999999,0.002799999952316284,50.164266234276,44.088562913400004,17.100000381469727,16.899999618530273,-4.223784914105199,-22.665255651435658,23.055453026292952,0.3858510553836823
191123047,0.0053915798168,0.00035611787934,0.005825619530239999,0.00060413271241,0.0046,0.0004000000059604645,51.221849316372,43.10209753614,46.0,36.0,-2.781250697608856,-23.360596921288103,23.52557597377439,0.3731774389743805
191123047,0.032300098919569996,0.00011699900512,0.03133388458301,0.00020473873374000004,0.0353,0.0011000000238418578,44.877171663072005,43.913169658079994,20.799999237060547,15.300000190734865,-3.443521023618385,-8.340125085160357,9.02305381854424,0.8903197050094604
191123047,0.00972473942356,0.0003695118116,0.00967316427773,0.00064202095423,0.0112,0.0005,47.311234645355995,43.10521578716401,31.70000076293945,22.299999237060547,-3.256723401775906,-32.03242625025262,32.19755071179124,0.12095525115728377
191123047,0.01413051040636,0.00010176108466,0.01396757514939,0.00017697301046,0.013800000000000002,0.0006000000238418579,45.506946002832,43.995487767984,27.60000038146973,20.200000762939453,-4.056496438366781,-0.5858101791453779,4.098577407002827,0.9635487198829652
191123047,0.007854645229270001,0.00020014727663,0.0080872895745,0.00034343123482999995,0.0071,0.0004000000059604645,46.520974045548,44.502373431144,31.10000038146973,27.60000038146973,-7.696871320168475,18.755655862088908,20.27352626314916,0.4397156536579132
191123047,0.00730667562258,0.00011848728943,0.00743770389456,0.00020402356071999998,0.0064,0.0004000000059604645,45.780037296192,45.110052256068,31.399999618530273,29.29999923706055,-8.39851271266094,-4.840429561383924,9.693540504419175,0.8428511619567871
191123047,0.03962187143908,0.00020794852394,0.04328724875012,0.00035016668155,0.0412,0.0016000000238418578,48.847369972248,45.586756695996,19.399999618530273,18.399999618530273,-9.811656348165686,-17.01863024639682,19.64437805881737,0.4952883422374725
191123047,0.04988801385218,0.00034785965192000003,0.05092127250328,0.00059872940465,0.0497,0.0018999999761581423,46.99765222160401,44.396642686499995,16.399999618530273,16.899999618530273,-12.25904164921645,-24.44760057697407,27.348980650902586,0.2255624830722809
191123047,0.00693458692348,0.0003314393033,0.008135256361330001,0.0005457194542,0.0064,0.0004000000059604645,51.488925863688,46.490844830472,30.10000038146973,29.10000038146973,-15.545595023396478,-19.847154295110496,25.21056074840225,0.2832463681697845
191123047,0.16685205433893,0.00037402574298,0.1682744335292,0.00064628434104,0.1426,0.0050999999046325685,46.086454961856006,43.831389412224,16.200000762939453,17.700000762939453,-16.028719967418493,29.240446970452844,33.34542557828751,0.11504530161619185
191123047,0.015827291660860002,0.00022178154445,0.015971899750649998,0.00038303340735000005,0.0152,0.0006000000238418579,45.733439501351995,44.582003126316,24.399999618530273,23.10000038146973,-19.615451795394694,6.041304969692152,20.524690467523154,0.4233686029911041
191123047,0.00686454757534,0.00028057779252,0.00700516866711,0.00048323741513,0.0062,0.0004000000059604645,47.459522028204,43.481421589608004,40.900001525878906,30.20000076293945,-19.874414969490605,3.740801721645191,20.223397637359653,0.4353469908237457
191123047,0.11410370557350999,0.00042176513239,0.11132569370279999,0.0007365837358,0.1034,0.0030999999046325685,44.4975206868,44.319830372603995,19.0,17.600000381469727,-21.55314004772168,4.8562864614713135,22.09346181815392,0.3708466589450836
191123047,0.02209350029543,0.00037479043585,0.021976808637509997,0.0006503714361,0.026000000000000002,0.0008999999761581422,44.973439886952,44.415184502556,23.10000038146973,18.0,-24.02036117959764,22.214481524497653,32.717776661709145,0.10686204582452774
191123047,0.0042085216222,0.00034856869788999997,0.0033722774331699998,0.0006629716149099999,0.0051,0.0004000000059604645,46.052368242156,34.959963811212,34.59999847412109,33.200000762939446,-25.030054591963697,20.91290019242001,32.616641442732785,0.1076306626200676
191123047,0.00839232826698,0.00032524356014999997,0.00782952035127,0.0005768852489700001,0.0065,0.0005,44.20762310142001,42.779310321348,47.9000015258789,39.400001525878906,-31.180164913221148,-2.6178190963282275,31.28986214284623,0.13712075352668762
200229034,0.005838092266439999,0.00027864423691,0.00558796883038,0.00049213054524,0.004200000000000001,0.0004000000059604645,47.508542941032,40.576792579632,48.29999923706055,38.70000076293945,23.073008721083976,15.759634862836233,27.94147621545353,0.14154988527297974
200229034,0.028892508827180002,0.00019567219268,0.03001983350896,0.00033466256443,0.0242,0.0008000000119209289,46.19242453302,45.649927423728,21.700000762939453,16.700000762939453,22.246243258167897,-6.247567321913309,23.10685810977461,0.339324414730072
200229034,0.01086096909325,0.00024698421282,0.01058551849528,0.00043150971183999993,0.0073,0.0004000000059604645,44.597117394144,44.027126901036006,30.29999923706055,27.70000076293945,19.76131576736639,14.963279450473996,24.787231927551804,0.2292661070823669
200229034,0.00955870606792,0.0001370365318,0.01011263344224,0.00023298603111000001,0.0081,0.0005,46.491502248108,46.004442837119996,27.60000038146973,26.0,14.188805836699016,4.7939160344931695,14.976772399927347,0.6106250882148743
200229034,0.01219410988778,0.00025584420914999997,0.012442794382160002,0.00044028569972000004,0.0112,0.0005,46.597151115,44.773009770635994,23.29999923706055,22.100000381469727,12.847842667437813,-27.201881824189854,30.083317486047086,0.16867484152317047
200229034,0.00605076863702,0.00021267104246999998,0.00640182428769,0.00036165569473000004,0.0044,0.0004000000059604645,46.92570734934,45.372377256948006,39.79999923706055,36.70000076293945,12.873012942998743,18.04322716558041,22.1646337011784,0.33293086290359497
200229034,0.01662329833453,0.00029675214402,0.01582549056523,0.00052255594936,0.0155,0.0006000000238418579,43.956407500884,43.427533085352,26.70000076293945,19.5,11.921558054577718,28.497120289432306,30.89022751392332,0.12903508543968198
200229034,0.012077809544760001,0.0002270619542,0.012089842809490001,0.00039329990215,0.0113,0.0005,46.37725590528,44.085973271796,23.60000038146973,22.100000381469727,10.240969571386543,-24.43305869393021,26.492452679681055,0.2761217057704925
200229034,0.00894852326132,0.00015133891376,0.009360722969090001,0.00025828254682,0.0081,0.0005,46.972665723168,45.375384853944,32.0,26.20000076293945,6.647903000289669,-17.601459666509907,18.815036819130558,0.5639143586158752
200229034,0.03229417172665,0.00011116217614,0.03347990505623,0.00019025481780999998,0.0297,0.001,46.195744993523995,45.596383580448006,16.299999237060547,15.800000190734865,4.059795999337179,-9.518762925515349,10.34836939170688,0.8676515817642212
200229034,0.014302819977459998,8.825725332e-05,0.014564463154009999,0.00015195176269999997,0.0121,0.0005,45.736701063696,45.112188821148,30.79999923706055,21.399999618530273,3.4053577743684467,-1.7188033540709051,3.814543953755583,0.9803027510643004
200229034,0.01376529566758,0.00013663286578,0.014973275583569999,0.00023036453349,0.0136,0.0006000000238418579,48.82022506944,45.388446050880006,25.5,20.399999618530273,2.010076745672477,-16.970991338430526,17.08961446932355,0.6324287056922913
200229034,0.00119991248347,8.86343353e-05,0.00124079221197,0.00015189989406000002,0.006900000000000001,0.0005,46.991646550044,44.494389200232,36.70000076293945,28.70000076293945,1.833943767112317,4.287111248095642,4.662903693079838,0.9363216757774352
200229034,0.00521583233563,8.952456237999998e-05,0.00539740232665,0.00015331906665,0.005,0.0004000000059604645,46.083494573532,45.381294996731995,38.5,34.09999847412109,1.0892480675878706,5.715369116379456,5.818238942847732,0.9106311798095704
200229034,0.017920285744720002,8.369320725e-05,0.01829094120123,0.00014398313916,0.0154,0.0006000000238418579,45.742811379804,45.145606461624006,22.60000038146973,19.299999237060547,-2.1452161244117303,2.495953042508877,3.291159826295287,0.9624300599098206
200229034,0.01446040027286,0.00017699677436000002,0.01534383663918,0.00030065458675,0.0141,0.0006000000238418579,47.281481851608,45.782472554891996,22.200000762939453,20.0,-2.445853232380653,-21.061137098093358,21.202679525360374,0.4608532190322876
200229034,0.00398968463735,0.00014307881799,0.00443921356128,0.00023946282887,0.0038,0.0004000000059604645,48.77024787054,45.912812266368,43.79999923706055,40.70000076293945,-5.641968770260628,17.940723709285567,18.806942596657628,0.4899083375930786
200229034,0.02309533011384,0.00025892929583,0.02512954935202,0.00043638026677999994,0.0193,0.000699999988079071,48.147682870008005,45.328806172728,24.70000076293945,19.100000381469727,-9.073357885196216,27.555113194276714,29.010486438115873,0.200766995549202
200229034,0.02422709151974,0.00012704007082000001,0.024568757613360002,0.00021902517061999998,0.022000000000000002,0.0008000000119209289,45.688285022688,44.930437326828006,18.5,17.100000381469727,-12.08341402489583,1.1032383844823197,12.133673162631526,0.7376044392585754
200229034,0.02490929073411,0.00035303543531000004,0.026220461181349998,0.00060144475241,0.0247,0.0008000000119209289,47.695962588587996,45.051745202316,23.60000038146973,21.0,-16.014559292078335,-22.747167690449032,27.818986399162306,0.2040454000234604
200229034,0.03895220349604,0.00013999190106999998,0.04019348223972,0.00024000062052,0.0362,0.0012000000476837158,46.476414503028,45.002864843748,19.700000762939453,16.5,-16.323038947759553,-2.718837474147361,16.54791896731501,0.5813736915588379
200229034,0.00987906971386,0.00014975535015999999,0.010250062869360001,0.00025629911365,0.0076,0.0005,46.55488633765199,45.013857378048,29.29999923706055,27.10000038146973,-17.337790339547368,7.481996662677528,18.883293496878014,0.479785293340683
200229034,0.00659365124078,0.00022175998696999998,0.00726959781201,0.00037218082179000004,0.0065,0.0004000000059604645,48.918746599020004,45.907397324891996,30.29999923706055,29.10000038146973,-18.30380938478499,-16.647246690503668,24.74181969018007,0.2929845750331879
200229034,0.00646043296342,0.00025553384349,0.00702908220588,0.00043392933226,0.0057,0.0004000000059604645,52.308612813132,41.875786082412,36.5,31.899999618530273,-24.21069242620732,16.853193977813948,29.498865727083825,0.1635095477104187
200624213,0.03528810541163,0.00023327338698,0.036406208314690006,0.00040005506567000005,0.027600000000000003,0.0008999999761581422,46.799560073448,44.467573250592004,20.700000762939453,18.600000381469727,20.23274687457243,7.910184495583778,21.72404986144552,0.3353431224822998
200624213,0.01329881886168,0.00022214617466,0.014260904810799998,0.00037610265758,0.0124,0.0005,47.326040715528,45.777232558008,23.10000038146973,21.100000381469727,19.76779951861338,4.741620830164028,20.32851736119852,0.3962237536907196
200624213,0.0041870091425600005,0.00026797182643,0.00345602654401,0.00049672238347,0.0041,0.0004000000059604645,42.7932788832,38.63130111018,40.099998474121094,37.900001525878906,18.79025294396299,22.280809568154407,29.146237097056254,0.12910258769989014
200624213,0.011081247411229999,0.00019077868853,0.01129613767365,0.00032850721039,0.008,0.0005,47.043489787452,44.069308974108,38.0,26.70000076293945,15.838052888118131,-8.522811680160055,17.985597690809392,0.5576303601264954
200624213,0.020121680572630002,0.00029924461931999996,0.020121680572630002,0.00050302281557,0.0204,0.001,44.966086718759996,44.395861823964005,27.5,26.10000038146973,14.067201229730587,28.80901491519963,32.059957243039,0.10070575028657912
200624213,0.01438216052772,0.00033398874043999996,0.0162345688089,0.0005568233829,0.0141,0.001,50.746926109680004,45.497540205252,33.09999847412109,28.899999618530273,10.84045128579587,-19.803145605699328,22.57606387535359,0.4138592481613159
200624213,0.03909042219862,0.0004958642865600001,0.03951964953354,0.00085595958647,0.0314,0.0012999999523162842,46.4683917996,44.655567446664,19.399999618530273,18.100000381469727,9.032503258027157,-26.460927141269284,27.960063824058146,0.23340825736522675
200624213,0.03863556898635,0.00028844448671,0.03958635607047,0.0004956353197099999,0.0286,0.0008999999761581422,46.528167473459995,45.091349172575995,17.899999618530273,17.5,7.925491259965504,-21.86863531585687,23.26047667197731,0.39408808946609497
200624213,0.00645752348764,0.00011716758399,0.00733114364852,0.00019472021353,0.0048,0.0004000000059604645,48.22560839944801,47.55380421276,35.900001525878906,34.299999237060554,4.560685600986362,4.909267083822427,6.700801617132028,0.8919739127159119
200624213,0.010499279614209999,0.00029031622805000004,0.011016633119900001,0.00049508568958,0.008400000000000001,0.0005,46.716282233208,44.867226659436,28.70000076293945,25.79999923706055,4.319526204352725,27.52815326588653,27.864980352701718,0.2144004851579666
200624213,0.18645751681497,0.00020753331723,0.19031449206291,0.00035702428099000004,0.1467,0.004400000095367431,45.816251347584,45.332984409443995,17.299999237060547,15.600000381469727,2.6679011843507947,-9.66745228515935,10.028824041362784,0.8773086071014404
200624213,0.06317468790186,0.00019928360968,0.06341779156098001,0.00034472819873,0.0497,0.0015,45.322745335308,45.16619838012,19.600000381469727,14.699999809265135,1.2674765209723589,-13.843214523687065,13.901117811051247,0.7530360221862793
200624213,0.03925334847046,0.00019118007840000003,0.04106344138554,0.00032633080292,0.0296,0.0012999999523162842,46.75059608274,45.016252949556005,17.200000762939453,20.299999237060547,0.04442546571513417,13.121489338179344,13.121564543314646,0.688016414642334
200624213,0.017939223261119998,0.00010896532206999998,0.01856051223817,0.00018665124043,0.0142,0.0006000000238418579,46.61152126938,44.956563808572,22.79999923706055,20.399999618530273,-3.661434619483096,-0.34212525517397474,3.677384004794299,0.9691788554191588
200624213,0.00678626122081,0.00033824765893000004,0.00839804593983,0.00054792039526,0.0055,0.0004000000059604645,52.613910580176004,46.902597446052,43.0,32.799999237060554,-7.837159055834162,31.17773135586522,32.147633047762426,0.14508716762065887
200624213,0.01556724520601,0.00016381861059,0.015582407049829999,0.00028378914733999996,0.0124,0.0005,46.12542210864,43.614974079468006,27.79999923706055,21.600000381469727,-8.98888373927,15.164876970334149,17.628754927536708,0.5295472741127014
200624213,0.01154439225642,0.00012277037037,0.01185868285127,0.00021081376667000002,0.0094,0.0005,46.582354789488,44.563357865268,27.60000038146973,24.0,-9.687703386748892,4.115524402601059,10.525639799197076,0.785450279712677
200624213,0.007445510307819999,0.00028424559776,0.007525410426280001,0.00049082948653,0.0051,0.0004000000059604645,46.744649814816,44.341408347371996,43.0,34.09999847412109,-10.430209006254751,-24.744798474430443,26.853164294512936,0.2446087896823883
200624213,0.07522736193211,0.00032544354367,0.0777546770775,0.00055758013508,0.0611,0.0018999999761581423,46.53115523323201,45.233401007195994,18.0,17.0,-11.960361607780333,-11.07893894723495,16.303148246410302,0.6125258803367615
200624213,0.02567876493491,0.00017203075475,0.0276369488393,0.00029108056838,0.0212,0.0008000000119209289,48.555741284172,45.028593847547995,24.20000076293945,21.200000762939453,-11.996854032624547,-6.298227437343924,13.549613075808749,0.7082980275154114
200624213,0.008267903973439999,0.00026421565343999996,0.00838955843565,0.00045573973996,0.0056,0.0004000000059604645,46.632244003740006,43.582320484488,42.0,32.299999237060554,-14.52216775379406,22.241434104386887,26.562601618764905,0.24434594810009005
200624213,0.009528421509989999,0.00031597630513000003,0.00941498073167,0.00054962320357,0.008,0.0005,45.678914996003996,44.328108708324,34.59999847412109,26.399999618530273,-16.610566574078295,-23.385019272728833,28.68389430561417,0.182375892996788
200624213,0.0466580042686,0.00020728154077000004,0.047897124630450004,0.0003561707583,0.037000000000000005,0.0012000000476837158,47.303723591388,43.828438240944,18.899999618530273,15.199999809265135,-18.019603626252728,5.348165913196022,18.79650849291187,0.4852294325828552
200624213,0.018180843321470002,0.00026676107262999996,0.018468560017849998,0.00045967741441000005,0.0142,0.0006000000238418579,46.178538392735994,44.623864183104,20.600000381469727,19.799999237060547,-22.90405165294962,-3.446452793154237,23.16189636501738,0.3421574831008911
200624213,0.00611788489399,0.00027715891301,0.00634765038754,0.00047605911518,0.0047,0.0004000000059604645,49.964132794932006,42.208624368144,36.900001525878906,35.29999923706055,-24.10807408181969,-7.372917151158028,25.21028068332861,0.27874213457107544
200624213,0.010860980121740001,0.00029480545044,0.01549468590558,0.00046263231045,0.0115,0.0008999999761581422,64.668728101932,44.87849320374001,39.400001525878906,24.0,-24.7586267700872,-8.994107562464851,26.341643300268306,0.2454424649477005
200624213,0.03441153481118,0.00034910432605,0.03515034391315,0.0006004826480599999,0.027999999999999997,0.0008999999761581422,45.628073841563996,45.044871357960005,19.200000762939453,16.100000381469727,-28.935213376023196,12.913651855883113,31.68603855465572,0.12268147617578505
200624213,0.01732987803804,0.00035451680844999996,0.01774051344436,0.00060929110175,0.0148,0.0006000000238418579,45.872901851292,44.98643036221201,23.60000038146973,20.0,-30.300926522090435,9.200914240566302,31.66702983582266,0.12643355131149292
200624213,0.00600923315116,0.00036153554114,0.00648190876923,0.00061386752,0.0057,0.0004000000059604645,51.671536581888,42.3309488625,32.299999237060554,31.10000038146973,-32.36959628071525,-2.6616963774870332,32.478842060750964,0.11703851819038393
200624213,0.011594818905,0.00035154430655000003,0.011594818905,0.00059093729832,0.0093,0.0005,45.091337009796,45.080492453999994,25.20000076293945,24.10000038146973,-32.53389097381758,-7.212067979668985,33.32366176764735,0.10096694529056548
191006058,0.011542286595700002,0.00017031338622,0.01161087592466,0.00029443295122000003,0.0091,0.0005,45.609046274412,45.08457095124,30.70000076293945,24.60000038146973,10.591801238624717,-20.44128849651643,23.02240662274077,0.3990798592567444
191006058,0.12124516531114,0.00030980694091,0.1276691689841,0.00052779462859,0.1114,0.004,46.973690832096004,44.833843389708,16.700000762939453,17.0,8.824154505165389,27.490775677461194,28.87224948439632,0.17650023102760315
191006058,0.02421728501905,0.00012488188074,0.024483294393599996,0.0002155233411,0.0198,0.000699999988079071,45.562836473640004,45.270165505284005,23.5,19.399999618530273,5.492402785920218,-16.316719540043312,17.216317793972912,0.6294588446617126
191006058,0.011338848506420002,0.00032996089858,0.01066936419981,0.0005833741454400001,0.0099,0.0005,43.742664599688,42.96114406134,36.400001525878906,29.70000076293945,5.318936936356624,30.876277143943888,31.331052003856968,0.14443062245845795
191006058,0.022649547432289998,0.00030301268078,0.024665915539580002,0.0005105256691,0.0206,0.001,47.8601740071,45.369881442648,27.5,18.100000381469727,3.2616574146000405,34.561186881478136,34.714747432903025,0.10196046531200408
191006058,0.01884978419991,0.00022921084458000002,0.01877718634278,0.00039777413632999996,0.0132,0.0006000000238418579,46.42082193186,44.102287446443995,25.399999618530273,20.5,2.2411505175633035,-31.988135223369447,32.066546520466034,0.12759758532047272
191006058,0.01161018334895,9.277986665999999e-05,0.013433709269389998,0.00015353436822999997,0.0099,0.0005,51.066794094155995,45.68972058054,38.099998474121094,23.899999618530273,2.219199917378204,9.238206290595409,9.501015308163057,0.8079328536987305
191006058,0.01516568420761,9.985731259999999e-05,0.01508751604446,0.00017325987429,0.0131,0.0006000000238418579,44.90825850100799,44.596362106259996,25.0,20.799999237060547,-3.713691058247597,12.974757772154422,13.495768782742484,0.6775031089782715
191006058,0.01206704040009,0.00010187694793000001,0.01314186547734,0.00017174984831999998,0.0118,0.0008999999761581422,48.869122969584,44.897861896091996,32.09999847412109,31.60000038146973,-1.389876810438597,11.272590473220555,11.357950809963825,0.7502580881118774
191006058,0.051463494651319996,0.00010875658631999998,0.05151130931764,0.00018831622455000002,0.0429,0.0012999999523162842,45.249014919888,45.054800687412005,16.100000381469727,15.5,-8.002991851028249,-12.644305720870864,14.964159077981256,0.6808176040649414
191006058,0.01062201643777,9.566350183000001e-05,0.010708899339360001,0.00016525015896,0.008,0.0005,45.554791533912,44.809100332092,28.79999923706055,26.20000076293945,-8.725597509525354,0.3291762392609389,8.731804433336785,0.8520728945732117
191006058,0.011455387973,0.00021458654341,0.01207123871118,0.00036571278547,0.0089,0.0005,48.842203030956,44.252114856732,41.599998474121094,29.10000038146973,-8.631050233307024,-27.81362170126555,29.12200121581917,0.1844722479581833
191006058,0.022984159838089997,0.00013967162730000002,0.02300763612629,0.00024183884044999998,0.0191,0.000699999988079071,44.97177447727199,44.948073485592005,19.200000762939453,19.100000381469727,-17.862346350804973,6.2003721035696255,18.907873635183872,0.4816780388355255
191006058,0.02934184119847,0.00017384198037000002,0.03170274900344,0.00029368217080000004,0.026000000000000002,0.0011000000238418578,48.013357253616,45.253638400103995,17.399999618530273,16.5,-18.02274135941868,15.46971802171952,23.751403943426517,0.3153790533542633
191006058,0.026688173397939996,0.00027264760231,0.03078140048274,0.00045197765687,0.0272,0.0012000000476837158,51.879244400352,44.581579362503994,25.5,16.600000381469727,-24.612556978962907,21.637518843554354,32.771209670432675,0.10485244542360306
191006058,0.00855155468192,0.00023533084172,0.00834096022781,0.00041106364489,0.006999999999999999,0.0005,44.863605397584,44.406286132788,47.29999923706055,28.60000038146973,-26.455850748852296,-18.692288846014762,32.393005471632236,0.10225498676300047
191006058,0.00944754527737,0.00025728262911,0.01006617445988,0.00043720606555999996,0.008199999999999999,0.0005,48.824129335319995,44.313578077752005,29.70000076293945,25.899999618530273,-30.16796922567536,-5.928180314402339,30.744898551029767,0.14538368582725525
191006058,0.046653087367120004,0.00030360228858,0.0506873053878,0.0005124924423,0.0388,0.0015,48.957497490744,44.902913466600005,17.299999237060547,15.199999809265135,-33.29132000424997,1.8881672128277447,33.344820461352704,0.10400019586086273
